time,x,y,z,wind_velocity_x,wind_velocity_y
0.0,0.0,0.0,459.0106201171875,4.912608953947915,-1.8730021756230182
0.0011070154617898492,1.5777218104420236e-30,0.0,459.0106201171875,4.912608953947915,-1.8730021756230182
0.0022140309235796985,-3.1554436208840472e-30,-3.944304526105059e-31,459.0106201171875,4.912608953947915,-1.8730021756230182
0.004428061847159397,5.048709793414476e-29,-6.310887241768095e-30,459.0106201171875,4.912608953947915,-1.8730021756230182
0.006642092770739095,-2.0194839173657902e-28,1.262177448353619e-29,459.0106201171875,4.912608953947915,-1.8730021756230182
0.008856123694318794,4.0389678347315804e-28,0.0,459.0106201171875,4.912608953947915,-1.8730021756230182
0.030996432930115777,2.5849394142282115e-26,-2.261821987449685e-26,459.0106201171875,4.912608953947915,-1.8730021756230182
0.053136742165912756,4.1359030627651384e-25,-1.0339757656912846e-25,459.0106201171875,4.912608953947915,-1.8730021756230182
0.0538481205397192,0.0,6.462348535570529e-27,459.0106201171875,4.912608953947915,-1.8730021756230182
0.05455949891352564,2.0679515313825692e-25,5.169878828456423e-26,459.0106201171875,4.912608953947915,-1.8730021756230182
0.05598225566113853,6.324955434527235e-08,-8.905658393832823e-09,459.01062083358715,4.912608957803879,-1.8730021775651786
0.05740501240875141,5.116894876366899e-07,-7.204685989931116e-08,459.01062591286734,4.912608985142702,-1.8730021913351145
0.0588277691563643,1.994900927169287e-06,-2.808858713838191e-07,459.0106427125453,4.912609075565635,-1.8730022368790649
0.07305533663249314,0.00031030879741418874,-4.369207301107886e-05,459.01413484726953,4.9126278717036085,-1.873011704061193
0.08728290410862198,0.0015826361408623538,-0.00022283819986009922,459.0285459346299,4.912705438237483,-1.8730507725392107
0.09217768388290211,0.0023650520319835793,-0.000333003855892943,459.03740801231544,4.91275313766722,-1.873074797644228
0.09269775302903381,0.00246140329545728,-0.0003465702983318391,459.0384993403312,4.912759011653644,-1.873077756236007
0.09321782217516551,0.002560520927831741,-0.0003605262508103948,459.0396220017803,4.912765054289785,-1.8730807997727679
0.09373789132129721,0.0026624681730755893,-0.00037488061820052453,459.040776712999,4.912771269431268,-1.873083930196499
0.09477802961356062,0.002875083425405973,-0.00040481725295112963,459.0431849116369,4.912784231369291,-1.8730904588263793
0.09581816790582402,0.003099786743892225,-0.00043645591056878214,459.0457300264374,4.912797930247693,-1.8730973586361679
0.09685830619808743,0.0033370737699153063,-0.0004698663783092246,459.0484176713105,4.912812396282898,-1.8731046448451831
0.09789844449035083,0.003587450794525915,-0.0005051199429220956,459.05125358079033,4.91282766034058,-1.8731123329997548
0.09997872107487765,0.004129838356988046,-0.0005814891505529231,459.057396964084,4.912860726613542,-1.873128987720468
0.10143299726652123,0.004543035276872438,-0.0006396680682696669,459.0620770622836,4.912885916870631,-1.873141675473242
0.10288727345816481,0.004984897681900814,-0.0007018831411977536,459.0670818417163,4.9129128546986855,-1.8731552434372933
0.1043415496498084,0.005455522262095143,-0.0007681479834774677,459.0724123975469,4.912941545992345,-1.8731696945816159
0.10725010203309557,0.00648347196020402,-0.0009128852698056441,459.08405552773485,4.913004214216437,-1.8732012591238623
0.11015865441638274,0.007627574730240825,-0.0010739771311295214,459.097014272238,4.913073963630159,-1.8732363902983598
0.11306720679966992,0.008888567540478625,-0.0012515273339934647,459.1112969783692,4.913150839162256,-1.873275110734685
0.14215273063254164,0.02815110632844852,-0.003963729688924947,459.3294752095332,4.914325166174155,-1.8738665922249407
0.14873303911434338,0.034203624749340016,-0.004815935874989072,459.3980294005302,4.914694153665883,-1.8740524427327472
0.15261117729114107,0.03807277090910352,-0.005360719064868408,459.4418535025629,4.914930033416647,-1.8741712499347358
0.15648931546793876,0.04216512743386927,-0.005936930701655392,459.4882058093743,4.915179521028963,-1.8742969111034202
0.16036745364473645,0.04647781413779853,-0.0065441652496675004,459.5370536983771,4.915442440914344,-1.874429337798921
0.16812372999833183,0.05574933745444373,-0.007849613490421306,459.64206812973987,4.916007672755901,-1.8747140320694236
0.17588000635192721,0.0658625774391904,-0.009273577050185689,459.75661631238063,4.916624219256995,-1.8750245723529935
0.1836362827055226,0.07679107430144119,-0.010812330339766049,459.88039854799,4.917290467315263,-1.875360146167094
0.188265859533703,0.08369253719714612,-0.011784069533869231,459.95856835642513,4.917711210104636,-1.8755720646272425
0.19289543636188342,0.09086936122301553,-0.012794580102499384,460.0398570582196,4.91814874008996,-1.8757924384116564
0.19752501319006383,0.09831589434160039,-0.013843066227958325,460.12420063525275,4.918602712698785,-1.876021093967121
0.19937684392133598,0.10136891764880768,-0.014272937757075747,460.1587808758016,4.918788838098821,-1.8761148410476802
0.20122867465260813,0.1044638919585575,-0.014708716067700012,460.19383627674495,4.918977521011965,-1.8762098762887345
0.20308050538388028,0.10760068231775476,-0.015150382158176852,460.229365309529,4.919168753210899,-1.8763061955463725
0.20678416684642462,0.11399974119685034,-0.016051381904485858,460.30184461055586,4.919558867295816,-1.8765026870329673
0.21048782830896895,0.12056627595651441,-0.01697596257554585,460.3762208365825,4.9199591914289815,-1.8767043210858931
0.21419148977151328,0.12730051554558056,-0.017924156407791107,460.45249658081076,4.9203697395680965,-1.8769111047353242
0.25122810439695653,0.20391599171810557,-0.02871176219468226,461.32028608951,4.925040547720089,-1.8792636833087923
0.2882647190223998,0.2975553841636222,-0.04189636799875704,462.380897945295,4.930749206850488,-1.8821390035352679
0.3253013336478431,0.4084479879134423,-0.057510258999593465,463.63692927126027,4.9375096957682105,-1.8855441062190974
0.339999508001948,0.4572895717007913,-0.06438724754325119,464.1901362226009,4.94048728827441,-1.887043851038977
0.3409376082324162,0.4605092638653804,-0.06484112246055192,464.226570516558,4.9406833929697545,-1.8871426244609228
0.3418757084628844,0.46374319598115177,-0.06529753964454377,464.26313231972983,4.940880183973326,-1.8872417435605284
0.3437519089238208,0.4702395558156782,-0.0662154629531886,464.33651102907015,4.941275139052102,-1.8874406733443208
0.3456281093847572,0.4767929377192754,-0.06714357275308967,464.4104001136156,4.941672841184911,-1.8876409867560089
0.3475043098456936,0.48340339908454255,-0.06808188460282358,464.4847999122983,4.942073292196026,-1.8878426847144385
0.3650977950952252,0.5481719877784001,-0.07737731007455194,465.20737120999263,4.94596247485361,-1.8898015765144869
0.38269128034475686,0.6179641381505816,-0.08756560100772572,465.9751670291933,4.950095074908621,-1.891883072055678
0.4002847655942885,0.6927200002618228,-0.09861843363677776,466.7884786571634,4.954472660191632,-1.8940879610181904
0.41787825084382013,0.7723094905950946,-0.11048041352157872,467.6476064018342,4.959096847086247,-1.8964170575372463
0.42166259373602605,0.7900430327718114,-0.11313029842758185,467.838421171439,4.960123892438208,-1.8969343566448909
0.42544693662823196,0.8079885789984875,-0.11581283821248366,468.03137306824397,4.961162440707696,-1.8974574495073684
0.4292312795204379,0.8261434529828353,-0.11852694823852591,468.2264652100805,4.962212508676189,-1.8979863445771241
0.4440750909893826,0.8993210371075108,-0.12945567390939802,469.012418604146,4.966442840436699,-1.9001170653292043
0.4589189024583273,0.9754768053600792,-0.14077255991360707,469.8315410989442,4.970851702249189,-1.902337707559826
0.473762713927272,1.0543788740508448,-0.15238491443959584,470.684022915548,4.975440117963487,-1.9046487869585844
0.4886065253962167,1.1357557798855318,-0.16418465362957563,471.5700571058274,4.98020912666596,-1.907050826889369
0.5102288770605271,1.2580823622872077,-0.18145448639961803,472.92111798759237,4.9874811046250445,-1.9107135548320653
0.5318512287248376,1.38392180393845,-0.1984354994790322,474.3442351605594,4.99514091985224,-1.9145716274811289
0.5534735803891481,1.5120713331808886,-0.21465736836362573,475.83971400140416,5.003190216013265,-1.9186258727131553
0.5750959320534585,1.6412544670935758,-0.22962109005206907,477.4078032432097,5.011630331894195,-1.922876964843881
0.596718283717769,1.770172763389041,-0.2428172354490706,479.04875921377777,5.0204626471590785,-1.9273255987783358
0.6183406353820795,1.897564787155411,-0.2537494363664456,480.76280012559965,5.02968833631933,-1.9319723660908887
0.63996298704639,2.0222749535544784,-0.2619602954892176,482.5501288514829,5.039308491321733,-1.9368178167700056
0.6615853387107005,2.1433244012324986,-0.2670585441356899,484.4109399080908,5.0493241591367894,-1.9418624781506328
0.688748011614035,2.2891019756002007,-0.2686028493695225,486.8529923756115,5.062468312711527,-1.9484828858103036
0.6955386798398686,2.324358555008071,-0.26810335125124324,487.4817230777047,5.065852405811646,-1.9501873756242485
0.7023293480657022,2.359127291178888,-0.26724352396060896,488.11775501006184,5.069275797204144,-1.9519116590836647
0.7091200162915359,2.3934088660391715,-0.2660230025615694,488.76109571217785,5.072738527469754,-1.9536557566281334
0.7159106845173695,2.427206636934907,-0.26444244443596454,489.41175295721945,5.07624063844693,-1.9554196893307207
0.7247637122397245,2.4705548880266095,-0.26184493147264337,490.2710184032988,5.080865566508447,-1.957749159158488
0.7336167399620794,2.5131189252959922,-0.2586476123397801,491.14275146009396,5.085557600495057,-1.9601124286963674
0.7424697676844344,2.5549344400742067,-0.2548627871098626,492.02697116165376,5.090316842856017,-1.962509549545692
0.7513227954067894,2.5960469211822663,-0.25050653767706554,492.92369704230754,5.0951433987333035,-1.9649405746640558
0.7601758231291443,2.636511198592134,-0.24559856491911378,493.83294898971485,5.1000373751706665,-1.967405557966932
0.7690288508514993,2.6763908810435018,-0.24016198482718495,494.75474709405364,5.104998880301895,-1.969904553918821
0.7829282193378234,2.737996865702574,-0.23062377460045028,496.22734200332417,5.112925005517575,-1.9738967607802995
0.7968275878241475,2.798648649760515,-0.21996195348322523,497.73098926281307,5.121018267543604,-1.9779731506067104
0.8107269563104716,2.858685195408357,-0.20830271327983385,499.26576412186256,5.129279071403594,-1.982133927399126
0.8246263247967958,2.918462056776046,-0.19577921221396247,500.83173881550005,5.137707805896846,-1.9863792869868067
0.8385256932831199,2.9783357902032446,-0.1825256417349141,502.42898190991093,5.146304840075412,-1.990709415252777
0.8413055669803847,2.9903532484428594,-0.1797990631493311,502.75218850538545,5.148044473921853,-1.991585628785776
0.8440854406776496,3.002390998701016,-0.17704948856446795,503.0766489348284,5.14979085643011,-1.99246524146442
0.8468653143749144,3.0144515363652267,-0.1742778639221127,503.40236369444744,5.151543990270981,-1.9933482546339276
0.8496451880721793,3.0265373370478317,-0.17148512841577201,503.72933327774524,5.1533038781007035,-1.9942346696321858
0.855204935466709,3.0507942310864027,-0.1658399346668861,504.38703886731577,5.156843926232861,-1.9960177104066625
0.8607646828612386,3.0751801594484007,-0.1601209294919846,505.0497695901557,5.160411021745984,-1.9978143743244707
0.8663244302557683,3.0997123381798364,-0.1543346638215444,505.7175292925211,5.1640051853422415,-1.9996246718128157
0.871884177650298,3.1244065236704257,-0.14848714129664448,506.3903217897267,5.167626437557261,-2.0014486132150213
0.8813375487651061,3.1668056184204993,-0.13841873694403398,507.54585153358533,5.173845984686351,-2.0045812559690015
0.8907909198799141,3.209772169563994,-0.1282110691171703,508.71596127991785,5.1801440075215055,-2.007753425130109
0.9002442909947221,3.2533478828280216,-0.1178801219509414,509.9006698401947,5.186520607313973,-2.0109651716962658
0.9096976621095302,3.297557320092315,-0.10743534080306058,511.0999963496193,5.1929758870574645,-2.0142165475430356
0.9191510332243382,3.3424076135454386,-0.09687949557465834,512.3139603708336,5.19950995204635,-2.0175076057047674
0.9354056686271754,3.420983025733057,-0.07845388970951041,514.4355958896339,5.210929486826879,-2.0232593625676967
0.9516603040300127,3.5012358793748355,-0.05961652720768298,516.6006705572453,5.2225828293780125,-2.0291288830238914
0.9679149394328499,3.5828459894891633,-0.0402439938471688,518.8092897310355,5.234470546777419,-2.035116452697323
0.9801625929161768,3.644969962269518,-0.025191165622498145,520.5022849287506,5.24358295905194,-2.039706165049457
0.9924102463995037,3.7073935944885057,-0.009652179647753261,522.2201051951773,5.252828990288375,-2.044363178197637
1.0046578998828306,3.7698807975205826,0.006464721866069275,523.9627882911125,5.262208843731216,-2.049087594511436
1.0169055533661575,3.8321939274871952,0.023252008444424863,525.7303600090268,5.2717226582063885,-2.053879483914278
1.0291532068494844,3.894106246845357,0.04079805630996177,527.5228330852832,5.2813705022663555,-2.058738880934462
1.0414008603328113,3.9554142755180313,0.059182300153112655,529.3402033155529,5.2911523532816505,-2.0636657741740447
1.0536485138161382,4.015949512375718,0.07847098910157803,531.1824624174118,5.301068166672784,-2.0686601411793646
1.0658961672994651,4.075588402389552,0.09871352474787065,533.049607941708,5.3111179292573905,-2.0737219753107663
1.078143820782792,4.134259670742776,0.11993955239107872,534.9416428725905,5.321301657097413,-2.0788512846582825
1.090391474266119,4.191948431628569,0.14215719295532445,536.8585716231181,5.331619373945793,-2.0840480811857223
1.1026391277494458,4.248696685364151,0.1653527075370681,538.8003983853445,5.342071102365924,-2.0893123762577477
1.1205229013640876,4.330077420685656,0.20090374016873305,541.6805453113315,5.357573264590727,-2.0971204586078946
1.1228754334225748,4.340672643998629,0.20572116267946294,542.0633685826928,5.359633780463207,-2.098158293032719
1.125227965481062,4.351246034069393,0.21056993078576552,542.4471110229794,5.361699243689471,-2.0991986193257874
1.1275804975395491,4.36179891812138,0.21544954620371512,542.8317726935268,5.363769654599652,-2.1002414376533802
1.1299330295980363,4.372332693675036,0.22035948403980798,543.2173536433795,5.365845013457729,-2.1012867481484574
1.1322855616565235,4.38284877040702,0.2252992143506318,543.6038539166967,5.367925320501385,-2.1023345509307343
1.1369906257734976,4.403833509011405,0.23526591148699075,544.3796126183034,5.372100780138912,-2.1044376338572803
1.1416956898904718,4.424764706664827,0.24534527095796382,545.1590491430682,5.3762960353676705,-2.1065506873675592
1.146400754007446,4.445654153014018,0.25553283375969443,545.9421638260515,5.380511087991096,-2.10867371236992
1.15110581812442,4.466513766856298,0.2658240813737645,546.728956979524,5.38474593968996,-2.1108067097109293
1.1645831392618415,4.526203603757818,0.2958368481665977,549.0030313343628,5.3969859644060225,-2.1169717284718574
1.1744998368034432,4.570183248007197,0.31838148729619775,550.6955883175247,5.406096018025493,-2.1215602528237234
1.1844165343450448,4.614321699632826,0.3412754679735477,552.4044914833067,5.41529405367548,-2.126193091699567
1.1918558107487587,4.647589454747026,0.3586593616043841,553.6972023887926,5.422251967518624,-2.1296976327748482
1.1992950871524726,4.681021519789178,0.37621090198453244,554.9991131289853,5.429259398741864,-2.133227114614905
1.2067343635561865,4.714637716896591,0.393922330375486,556.3102238456868,5.436316348108436,-2.1367815376041617
1.2141736399599004,4.748450636007,0.41178864137251947,557.6305346199372,5.443422816054536,-2.1403609019623184
1.2233298448253886,4.790345029960822,0.43398777776829756,559.2681931770617,5.4522373832532836,-2.1448005966043096
1.232486049690877,4.832539755770786,0.45642000550936135,560.9197884410291,5.461126963670422,-2.149278073678071
1.2416422545563652,4.8750088101805735,0.4790949558117743,562.5853202161187,5.470091556252501,-2.153793332653003
1.2507984594218535,4.917710204587818,0.5020284452954014,564.2647881097494,5.479131158886483,-2.1583463724648184
1.2599546642873418,4.960588994255555,0.5252413392178459,565.9581915047131,5.488245768250296,-2.162937191440265
1.2691108691528301,5.0035798194920105,0.5487585914710784,567.665529519689,5.497435379600299,-2.167565787190081
1.2782670740183184,5.0466099065792305,0.5726081059437027,569.3868009741191,5.506699986582233,-2.1722321565137714
1.2874232788838067,5.089602732215997,0.596819340998832,571.1220043643078,5.516039581102576,-2.176936295334816
1.2984200430656292,5.141081392911038,0.6264170209779774,573.224426046954,5.527355698935056,-2.1826359634610215
1.3094168072474517,5.192273091640482,0.6566268704754531,575.3469375190326,5.538779948464578,-2.188390095034515
1.3204135714292742,5.2430742788678835,0.6874894565548635,577.4895349304675,5.550312308968416,-2.1941986796177346
1.3314103356110967,5.293408862711408,0.7190349978420874,579.6522145702592,5.561952760472409,-2.2000617071501556
1.3424070997929192,5.343232311655413,0.7512817318353079,581.8349731908738,5.573701285496964,-2.2059791688277093
1.3534038639747417,5.392534012192509,0.7842349463975381,584.0378081418119,5.585557869775976,-2.211951057464888
1.3664342193614096,5.450311875047842,0.8241850758288718,586.6739910052993,5.599746914798399,-2.2190977528999145
1.3794645747480776,5.507487928233021,0.8650805181524541,589.3383564882503,5.614087650533162,-2.2263208514557777
1.3924949301347456,5.564206964753087,0.9068672475704073,592.0309023843982,5.628580065105209,-2.233620347151286
1.4055252855214135,5.620641679011284,0.9494800867989501,594.7516263207812,5.643224145742259,-2.240996233553336
1.4185556409080815,5.67696857073165,0.9928518065854404,597.5005251421366,5.651537628802131,-2.24761567760478
1.4315859962947495,5.733343092743338,1.0369222905322761,600.2775944930785,5.6528573059872995,-2.2533934629963177
1.44976353775002,5.812272991832433,1.0994862909563805,604.1986970899536,5.654720633468139,-2.2615514477060845
1.4523214768051464,5.8234138910965205,1.1083886520016617,604.7548717157208,5.654984930420012,-2.2627085875617428
1.454879415860273,5.834563555789395,1.1173150828069305,605.3121312633899,5.655249742932176,-2.2638679846335967
1.4574373549153994,5.845721973144981,1.1262655828774872,605.8704756741363,5.655515070976676,-2.26502963879926
1.4599952939705259,5.856888961209346,1.1352402123767928,606.4299048818264,5.655780914522087,-2.266193549921139
1.4625532330256523,5.868064229225006,1.1442390724859401,606.9904188182761,5.656047273536006,-2.2673597178573752
1.4651111720807788,5.879247428651838,1.1532622894232014,607.5520174161901,5.656314147986455,-2.268528142467958
1.470227050191032,5.90163578627291,1.1713824726898987,608.6784683150908,5.656849443063256,-2.2708717611268674
1.475342928301285,5.924049849913897,1.189602349878828,609.8092570119168,5.657386799483232,-2.273224404719013
1.4804588064115383,5.946484365475465,1.2079239504067134,610.9443829083444,5.657926216962058,-2.2755860719995624
1.4855746845217914,5.968933006426672,1.2263497354277277,612.083845370958,5.658467695198731,-2.277956761650673
1.4906905626320446,5.9913885642160505,1.244882524879249,613.2276437394688,5.65901123387948,-2.2803364722985924
1.4958064407422977,6.0138432122882035,1.2635254014152209,614.3757773314353,5.659556832680003,-2.2827252025234777
1.5060158397358474,6.058618523543139,1.3010718573216062,616.6799811434095,5.660651801806219,-2.287519175392551
1.516225238729397,6.103290160230893,1.3390965047751098,619.0014344044439,5.66175496795653,-2.2923490363156107
1.5264346377229467,6.147794165030889,1.377625029351239,621.3401195380537,5.662866322778502,-2.2972147487241954
1.5366440367164964,6.192075292447017,1.4166798745579652,623.6960155193365,5.663985856280997,-2.3021162688752934
1.546853435710046,6.236091929365508,1.4562783090862281,626.0691019518051,5.665113558771502,-2.3070535543333333
1.5570628347035957,6.279819671191954,1.4964309780617533,628.4593611355796,5.6662494218389465,-2.3120265682731245
1.5695525778942316,6.332914820945506,1.546309962144911,631.4068334387966,5.667650075355631,-2.3181588826892963
1.5820423210848675,6.385598297029612,1.5970136963331008,634.3799548898947,5.66906291747512,-2.324344561012956
1.5945320642755034,6.437933770712543,1.6485184909711879,637.3786970034205,5.670487934660983,-2.330583543979169
1.6070218074661393,6.490008555026185,1.7007907564787974,640.4030308215919,5.671925113152339,-2.336875771340303
1.6195115506567752,6.541918595160901,1.7537928686240922,643.452927599133,5.673374439289288,-2.3432211832908543
1.632001293847411,6.593752713678278,1.8074894112915196,646.5283586418776,5.674835899436222,-2.3496197201316518
1.6498490201538618,6.667820879075833,1.8853736519023423,650.9673776566228,5.6769453433780175,-2.358855247219751
1.6634761853241298,6.724416518379499,1.9457334382413298,654.3916841946208,5.67857259089767,-2.3659796311623706
1.6771033504943977,6.781028860130948,2.0068731662563706,657.8462606755,5.6802142228449215,-2.3731669927305665
1.6907305156646657,6.837591880855665,2.068817897466595,661.3310650946794,5.681870219258986,-2.3804172445324063
1.7043576808349337,6.89401562773921,2.131602800132177,664.8460552443864,5.68354056008252,-2.3877302987532123
1.7179848460052016,6.950207101943937,2.1952649350577644,668.3911886286853,5.6852252251212425,-2.3951060669787725
1.7316120111754696,7.00608853063318,2.259835931508934,671.9664222556826,5.686924193945193,-2.4025444597630194
1.7452391763457376,7.061612144664232,2.3253359576011237,675.5717130363051,5.6886374460782285,-2.4100453874576995
1.7588663415160055,7.116768945246915,2.3917698751870224,679.2070133590923,5.690364958895146,-2.417608751005581
1.7724935066862735,7.171588601468285,2.4591269625533703,682.8722705521179,5.6921067073659835,-2.4252344408209643
1.7847227297927217,7.220545399283011,2.520341492411087,686.186978225999,5.693681872959613,-2.432130800671997
1.79695195289917,7.269329013745883,2.5822604929271025,689.5257065475201,5.695268453284622,-2.4390771362814605
1.8091811760056182,7.317988571879695,2.6448639140886248,692.8884059699287,5.696866424796147,-2.446073344565685
1.8214103991120665,7.366562106260018,2.708135849485349,696.2750289677525,5.698475764909847,-2.45311932664634
1.8336396222185147,7.415069991818461,2.7720671657940885,699.6855269244276,5.700096450522889,-2.4602149813750422
1.845868845324963,7.463511818802043,2.8366568534473036,703.1198487989276,5.701728457380322,-2.467360202559236
1.8580980684314112,7.511867651785873,2.9019116945306074,706.5779417155042,5.703371760355328,-2.474554880189163
1.8703272915378595,7.560103516102505,2.9678442371056524,710.0597520053474,5.705026333944222,-2.4817989026050733
1.8825565146443077,7.608179708938913,3.034469578612522,713.5652256600965,5.70669215248196,-2.489092157440773
1.894785737750756,7.656059839042009,3.1018017789232033,717.0943082546436,5.708369190105461,-2.4964345314630094
1.9070149608572042,7.703718815700306,3.169850632876078,720.6469447988368,5.710057420683131,-2.5038259102629374
1.9192441839636525,7.751146947614459,3.238619913513618,724.2230797365147,5.711756817814405,-2.5112661782541115
1.9314734070701007,7.798350690646315,3.3081069597351798,727.8226570598214,5.713467354884072,-2.5187552189103193
1.943702630176549,7.845350043938292,3.3783036050025634,731.4456203658018,5.715189005089165,-2.5262929148833315
1.9571833419787938,7.896955666606711,3.4564923550863704,735.4663735295543,5.717099687015636,-2.5346582259205332
1.9706640537810387,7.948385580314812,3.535513156518495,739.5154016722886,5.7190238053529265,-2.543082363994392
1.9841447655832836,7.999669402000097,3.6153531165310167,743.5926313379642,5.72096132519436,-2.551565176277166
1.9976254773855284,8.050820324534666,3.696005434956815,747.6979795567021,5.722912207112238,-2.560106490147255
2.0111061891877733,8.101832899923515,3.7774701153968793,751.8313411764664,5.724876401137787,-2.568706086832342
2.027055015154622,8.161978187264697,3.8749061057006853,756.7574453301737,5.727217310363266,-2.578955010794875
2.0396807485495203,8.209401789661014,3.9528611852865168,760.6846410598286,5.729083533331145,-2.5871256724705773
2.052306481944419,8.256632585876268,4.031548507168448,764.6359723331666,5.730961225629575,-2.5953465489497605
2.0649322153393173,8.303656446564792,4.11097100694732,768.6112908985519,5.732850316808641,-2.6036173317899522
2.0775579487342157,8.350472066700986,4.191126608723436,772.610452364204,5.734750738252649,-2.611937720579238
2.090183682129114,8.397090169391516,4.272008383909859,776.633312719684,5.736662421527123,-2.620307415699097
2.107096439385235,8.459258878658936,4.381473897696894,782.0589988300387,5.739240734586282,-2.631595736581989
2.1194316085539255,8.504426111244733,4.4621068084619075,786.0426190241855,5.741133770740677,-2.639883791237653
2.131766777722616,8.549460903341634,4.543401150737434,790.0483845572908,5.743037330470427,-2.648217920009501
2.1441019468913063,8.594368680154945,4.6253517159031725,794.0761514385334,5.744951345350378,-2.656597823319827
2.1564371160599967,8.63914590192576,4.707956712304968,798.1257746316195,5.746875746458558,-2.6650231994157854
2.168772285228687,8.683782083028424,4.791217008563784,802.1971077844016,5.748810464247701,-2.6734937438068536
2.1831598602376374,8.735649884690234,4.889160924479137,806.9730874594767,5.751080033573325,-2.6834303287853927
2.197547435246588,8.787290704536103,4.988000451687773,811.7781644057682,5.753288410957949,-2.693834499712808
2.211935010255538,8.83869590068104,5.087732505422193,816.6120994875897,5.754653413358707,-2.708949209469836
2.2263225852644886,8.889868631359866,5.1883481248041114,821.4746516455068,5.756026496624622,-2.724153398872734
2.240710160273439,8.940821904289358,5.2898339570042285,826.365577912358,5.757407592146837,-2.7394463082137146
2.2566716344565965,8.99711315319924,5.403424660067429,831.8244395159578,5.75894906075744,-2.756515033247379
2.259447112335702,9.006878006156365,5.423283072791625,832.7771678842478,5.759218091368727,-2.7594940167298305
2.262222590214807,9.01663608480804,5.443173042473969,833.7309310391263,5.759487414182155,-2.7624762357747548
2.2649980680939126,9.026387419719473,5.4630945751840665,834.6857271895232,5.759757028691963,-2.765461684781848
2.267773545973018,9.036132044677363,5.48304766519653,835.6415545418504,5.760026934391678,-2.7684503581429327
2.2733245017312287,9.055601232953803,5.523048501563139,837.5562956594715,5.760567617329728,-2.774437355436613
2.2788754574894394,9.075043689218221,5.563175557698226,839.4751399895974,5.761109458929371,-2.7804371826225096
2.28442641324765,9.094459261239003,5.603428883202845,841.3980730879657,5.7616524551118475,-2.7864497945364177
2.289977369005861,9.113847621537252,5.643808548755584,843.3250804681302,5.7621966017864885,-2.792475145882233
2.303353311739422,9.160451934099054,5.741629843461845,847.9851953533242,5.763512520990704,-2.8070463560312886
2.3167292544729827,9.206887239280132,5.8401870096981625,852.6687678012981,5.764835064121176,-2.8216909131010257
2.3301051972065436,9.253145750966263,5.939480488428713,857.3756936867029,5.766164201775078,-2.836408491513131
2.3434811399401045,9.299222173824408,6.039508702112888,862.105886596185,5.767499909551083,-2.8511988210710184
2.3568570826736654,9.345115498672742,6.1402679659268635,866.8592648072715,5.76884216437247,-2.8660616462455097
2.3702330254072264,9.390829260870854,6.241753354453943,871.6357455076391,5.770190942854765,-2.880996708099691
2.3836089681407873,9.436370106823466,6.343960067833177,876.4352437268279,5.771546221004086,-2.896003740948605
2.3990363527881384,9.488690309777102,6.462733556274132,881.9993019662694,5.773117394949586,-2.9134013939863177
2.4144637374354896,9.540797502702091,6.58246058350011,887.593730880374,5.774697144939887,-2.9308940098079503
2.4298911220828407,9.592692957143592,6.703142390308944,893.2183964444893,5.776285433129225,-2.948481169346286
2.445318506730192,9.644372443249116,6.824781352777603,898.8731642812386,5.77788222157223,-2.9661624524312122
2.460745891377543,9.695828881386188,6.947378912096415,904.5578996497849,5.779487472220904,-2.9839374377561523
2.4761732760248942,9.747056142106729,7.070934111239374,910.2724675148081,5.7811011469440885,-3.001805703093741
2.4916006606722454,9.798051977971658,7.195443361839794,916.0167326841148,5.78272320756633,-3.0197668257261037
2.5070280453195966,9.848818813147986,7.320901570956254,921.7905649288405,5.784353617313715,-3.0378203984546626
2.5224554299669477,9.899362249846307,7.447304103731991,927.593850683642,5.7859923441177585,-3.0559660661842067
2.537882814614299,9.949688300632218,7.574648236627077,933.4264931881462,5.787639360655352,-3.074203526365171
2.55891994834935,10.017969204741009,7.749814709772033,941.4271642161383,5.789898583209241,-3.0992199608854287
2.5763914591598605,10.07437557406484,7.8966235265498606,948.1129918196318,5.791786521415971,-3.120125153446321
2.593862969970371,10.130503734888826,8.044643500714418,954.8360771813891,5.793684980436203,-3.1411468432693446
2.611334480780881,10.186347391445702,8.19387594183348,961.5962958099315,5.795593925116141,-3.1622846410955345
2.6288059915913915,10.24190220089287,8.344319521937637,968.3935217667602,5.7975133198933815,-3.1835381531413955
2.646277502401902,10.297168741935215,8.495970375963283,975.2276284966412,5.799443129031367,-3.204906983695028
2.663749013212412,10.352152455179377,8.64882378278545,982.0984894854704,5.801383316805153,-3.226390737173138
2.6812205240229225,10.406860516956453,8.802876492111977,989.0059789288293,5.803333847690198,-3.2479890202114703
2.701938669014493,10.471383102904106,8.987110361527034,997.2443469497118,5.805660190915022,-3.273748683798077
2.718972204959799,10.524144318352198,9.139844219531726,1004.0558675157329,5.807583622191623,-3.2950468921142386
2.736005740905105,10.576641631193898,9.293722028136106,1010.9018266759575,5.809516778208621,-3.3164527827527763
2.753039276850411,10.628869664879602,9.448743736253943,1017.7821079262532,5.811459626067679,-3.3379659914294955
2.770072812795717,10.680826006641526,9.604906449465343,1024.6965944626627,5.813412132785799,-3.3595861529227125
2.787106348741023,10.732512879338364,9.762205177733899,1031.6451691008792,5.813458528589975,-3.384178553519963
2.790175080127665,10.741796270543558,9.79066396438133,1032.900626546989,5.8100780780530155,-3.3936910521174353
2.7932438115143072,10.751070929973984,9.819158942371,1034.157185829591,5.806694660706012,-3.403211899240075
2.7963125429009494,10.760336699054438,9.847689797086163,1035.414846318267,5.80330827824643,-3.4127410901112563
2.802450005674234,10.778840723084091,9.904857606814831,1037.9334673343094,5.796526627627798,-3.4318244759774226
2.8085874684475183,10.797307409889315,9.962165793258263,1040.4564847409395,5.789733139267496,-3.4509411729362345
2.8147249312208027,10.8157360761036,10.019613288341452,1042.983893244575,5.7829278274190505,-3.470091140878651
2.8238523798455972,10.843071944696208,10.105305006223555,1046.7506854938558,5.7727853451539985,-3.498631818302071
2.8329798284703918,10.870324335092976,10.19130717593964,1050.5271584083032,5.762616796685061,-3.527245845335312
2.8421072770951863,10.8974956520792,10.277624680667731,1054.3132940376381,5.752422230345243,-3.555933085970576
2.851234725719981,10.924589301609995,10.364263911207312,1058.10907407827,5.742201695418875,-3.58469340152305
2.8603621743447754,10.951608993788417,10.451231412654739,1061.9144800682288,5.7319552416167445,-3.6135266521078955
2.86948962296957,10.978558075501804,10.538532673471536,1065.7294935139885,5.721682918734605,-3.6424326976011727
2.8807829947464674,11.011807138011394,10.64701621445268,1070.4630775734242,5.708937248361591,-3.678298677659615
2.892076366523365,11.044954269935639,10.756018665128929,1075.2113095801099,5.696152136857936,-3.7142756440187887
2.9033697383002623,11.077999606367943,10.865537744556693,1079.9741473540519,5.683327697797686,-3.7503632770843267
2.91466311007716,11.110940137968196,10.975565150847995,1084.751535748383,5.670464079669551,-3.7865611590129173
2.9259564818540573,11.14377154741234,11.086090153094188,1089.5434030397355,5.657561475596204,-3.822868746362456
2.937249853630955,11.176490078171897,11.197103390027173,1094.3496673879483,5.644620105940841,-3.859285419036723
2.9485432254078523,11.209093997358064,11.308599627518493,1099.1702431807068,5.631640201223577,-3.8958105283581985
2.95983659718475,11.241584280521542,11.420578776291537,1104.0050444876483,5.6186219928209065,-3.9324434232395378
2.9711299689616473,11.273964364912192,11.533045059750481,1108.8539860524997,5.605565710294265,-3.969183457700918
2.9824233407385448,11.306239115707344,11.646004802814671,1113.7169831880349,5.592471581672868,-4.006029990074139
2.995863286616092,11.34451790303758,11.781086018029344,1119.5225086133016,5.576839597011033,-4.050017982368548
2.997584840984724,11.349411203219917,11.798440330232127,1120.2675743303512,5.574833429608805,-4.055663284493617
2.9993063953533556,11.354302275521274,11.815806317228608,1121.0129620417322,5.5728263952031485,-4.061311026343454
3.0010279497219874,11.359191133172263,11.833183978355153,1121.7586712418533,5.57081849515542,-4.066961204087236
3.0044710584592513,11.368962267028001,11.86797406710705,1123.2510459338744,5.566800120144288,-4.078268805319553
3.0079141671965153,11.378724676219086,11.902810154893752,1124.7446856798329,5.562778338843062,-4.089585991762298
3.011357275933779,11.388478426317475,11.937691698945903,1126.2395756883107,5.558753191079183,-4.100912651342105
3.0188820549085835,11.409765023515687,12.014078017998928,1129.510845367196,5.54994495518334,-4.12569879469469
3.026406833883388,11.431010853752795,12.090671297559721,1132.7878329332025,5.541121323278141,-4.150528262011292
3.033931612858192,11.452216163474711,12.167464892462979,1136.0703761146976,5.532282732296932,-4.175399823772998
3.0478885800454587,11.491441505856173,12.310412479410262,1142.1730524949687,5.515850637596708,-4.221639304599713
3.0618455472327253,11.530531612604351,12.45398846114671,1148.29325026042,5.499371364733558,-4.268011543531827
3.075802514419992,11.569492272101355,12.598154468203626,1154.4298187486554,5.4828480119863805,-4.31450782209428
3.0897594816072584,11.608332234613677,12.742879986198695,1160.5816648771258,5.466283522594312,-4.361119858089817
3.1090339466512704,11.661791742407498,12.94361511865371,1169.1004287883952,5.443345859412408,-4.425665836935408
3.123754713975451,11.70249800119021,13.097565321922728,1175.6230636137584,5.4257829826569175,-4.475087308623154
3.138475481299632,11.743109383473941,13.252028604379777,1182.1585722747054,5.408185441752079,-4.524606324312344
3.1531962486238125,11.78363200546239,13.40695889036756,1188.7056832377416,5.390556660434873,-4.574213249697473
3.1679170159479932,11.824068652361508,13.562304564439037,1195.2631231754192,5.372900067272684,-4.623898436880397
3.182637783272174,11.864422306590523,13.718015366785187,1201.829620799069,5.3552190853432755,-4.673652253410637
3.1971177997519535,11.904041827227736,13.871494747245432,1208.296332096372,5.33780678853858,-4.722649997090806
3.211597816231733,11.943598001901963,14.025252270658065,1214.7693728846332,5.3203774489172,-4.7716956988073465
3.2260778327115127,11.983101987966059,14.179254737846577,1221.2475372747058,5.302934313461842,-4.8207802216366185
3.2405578491912923,12.022564782697067,14.333467912325228,1227.7296204913628,5.285480626155863,-4.869894437095062
3.257070490370006,12.067527188047984,14.50953463017665,1235.1248683230635,5.265568147575976,-4.925927626308275
3.27358313154872,12.112454217664883,14.685756135329628,1242.52186600703,5.245650957335771,-4.9819740740092815
3.2900957727274336,12.157350682061574,14.862060706771492,1249.9188347542386,5.225733845010813,-5.038020302458834
3.3017403313068288,12.188995285860523,14.986400599165172,1255.1341368377662,5.211691098453935,-5.077536220667509
3.3040233712493836,12.195198180935783,15.01077745783828,1256.15649646028,5.208938288196923,-5.085282556081275
3.3063064111919385,12.201400689857364,15.03515363969426,1257.178796605807,5.206185638087923,-5.0930284408427635
3.3085894511344933,12.207602837840499,15.059529099397919,1258.2010351711237,5.203433153790081,-5.1007738590160265
3.313155531019603,12.220006194850239,15.108277597166241,1260.2453158071469,5.197928714276696,-5.116263206538927
3.3177216109047127,12.232408453370617,15.157022614844111,1262.2893225219373,5.192425012324891,-5.1317504785830055
3.3222876907898224,12.244809839918233,15.205763796398928,1264.333038142708,5.186922094174194,-5.147235545031455
3.3356079609932263,12.280984465015177,15.347927250497603,1270.2931910927812,5.170873758722549,-5.192395137460468
3.34892823119663,12.317158655854522,15.490044465870882,1276.250292240866,5.15483364056708,-5.237531606634906
3.362248501400034,12.353336719186615,15.632101959424157,1282.203883502997,5.138802973146794,-5.282641481689953
3.375568771603438,12.389521016322718,15.774083251973812,1288.153522685704,5.12278294711388,-5.327721412161775
3.3913996315836865,12.432534203518232,15.942693520225001,1295.2186777837937,5.103759277758105,-5.381253515674919
3.401988753372519,12.461310805401551,16.0553842255127,1299.9406900787783,5.091044765571673,-5.417031817418613
3.4091850786556432,12.480869664895245,16.131922275984216,1303.1479173121502,5.0824089706613815,-5.441332716388752
3.4163814039387677,12.500430462444887,16.20842051713817,1306.3536053402163,5.073777320222429,-5.465621952925921
3.423577729221892,12.519993313433494,16.284877739256903,1309.5577223587845,5.06514989989093,-5.489899286052351
3.4367097832815308,12.555698533131482,16.424290113200826,1315.4005204837588,5.049417554585148,-5.534169690550208
3.4498418373411694,12.591413458683661,16.56355952978053,1321.2378327533052,5.033699980519112,-5.578398529169249
3.462973891400808,12.62714000917406,16.702682510563726,1327.0695112216545,5.017997576052284,-5.6225846809364555
3.487641604450462,12.694285677536255,16.96360570656083,1338.0082527279767,4.9885438699842,-5.705466632498751
3.507358311136251,12.7479922171494,17.171753646673267,1346.736191896563,4.965042980535163,-5.771597515195936
3.52707501782204,12.80173322533638,17.379514269413175,1355.4499407930443,4.941580299878551,-5.837620879359605
3.5467917245078286,12.855507687220124,17.586861039962006,1364.148988540891,4.918157203602877,-5.903532854119993
3.5665084311936175,12.909314882624718,17.793768927890433,1372.8328322924929,4.894775045677942,-5.969329629441798
3.5877685181807877,12.967372916473286,18.016358580229827,1382.1788149783356,4.869610009390438,-6.040143377423901
3.609028605167958,13.025476947770514,18.238395524535328,1391.5059061768502,4.844495840409254,-6.110813986148459
3.630288692155128,13.083633540315988,18.45986100951837,1400.8134767261643,4.819434232818563,-6.18133668850732
3.6515487791422983,13.141846685576708,18.680730631204433,1410.1008992585148,4.794426875871709,-6.251706730986152
3.6682409727738805,13.187591938951297,18.85370390284467,1417.378270768865,4.774831791620909,-6.306846780933675
3.6849331664054628,13.233370493889533,19.026270879037522,1424.6425018529744,4.755272089342695,-6.361887266944109
3.701625360037045,13.279181790482756,19.198417325800584,1431.8933141953878,4.735748518430552,-6.416826080243962
3.7216880253347435,13.334287995435297,19.404748200524395,1440.5899950287237,4.712331795319856,-6.482720121086292
3.741750690632442,13.38944659604676,19.61043565643504,1449.2663423995964,4.6889698221844105,-6.548460096943175
3.7618133559301405,13.444661386496099,19.81546119409737,1457.921845836368,4.665663973522513,-6.6140421400126765
3.7915956845570395,13.526733839025333,20.11855581257429,1470.731302403996,4.631173171411798,-6.711098346904837
3.8139538419030945,13.588435030358106,20.34506168306601,1480.3157315847072,4.6053660929872935,-6.783718784516314
3.8184254733723053,13.600784428320832,20.39025237252267,1482.229252128598,4.600213738703903,-6.798217373493898
3.822897104841516,13.613136791272806,20.435405448060692,1484.141638633716,4.595064437938567,-6.812707369952262
3.827368736310727,13.62549197355685,20.480520508710825,1486.0528862034657,4.585714946186915,-6.831436716124649
3.836311999249149,13.650207280744366,20.570631625511766,1489.8719355114335,4.561934707715838,-6.874013994957455
3.845255262187571,13.67492586515781,20.6605793319967,1493.6863603590282,4.538183264570929,-6.916539717258024
3.854198525125993,13.699644375910836,20.750358277166953,1497.4961175039307,4.514460886010994,-6.959013400932482
3.864139951012988,13.727120601939108,20.849956579776787,1501.7255653951138,4.48812520104262,-7.006166073665987
3.874081376899983,13.754595640523576,20.949340293848362,1505.9491349938803,4.461826118690289,-7.0532532113212305
3.884022802786978,13.782073526364785,21.048510411268335,1510.166757908757,4.435564064810126,-7.100274051424992
3.893964228673973,13.80956129418282,21.147471126942964,1514.3783714601368,4.409339429691937,-7.147227895183699
3.903905654560968,13.837066547111162,21.246227517954768,1518.5839227657505,4.383152542620018,-7.194114153030959
3.913847080447963,13.864595255397887,21.344783925154907,1522.7833824211968,4.35700358668802,-7.24093249714713
3.923788506334958,13.892150315247205,21.443142468041795,1526.9767430431273,4.330892607870155,-7.287682845217771
3.933729932221953,13.919731047230457,21.541302403702936,1531.164015008657,4.304819541550794,-7.334365312933805
3.943671358108948,13.947333661669466,21.63926012266137,1535.3452144666562,4.278784287175074,-7.380980080333479
3.953612783995943,13.97495243256836,21.737010113385228,1539.520357326868,4.252786745677114,-7.427527324789096
3.9650951810501947,14.00686432382726,21.84964560160823,1544.3351495584955,4.2228062719456245,-7.481205802032196
3.9765775781044463,14.038782387288085,21.96198938836021,1549.1419023010742,4.192875858046138,-7.534794649752529
3.988059975158698,14.07070313300167,22.074038581694932,1553.9406361201004,4.162995375922594,-7.588294097227799
3.9995423722129497,14.102627262936714,22.185794552759507,1558.731371353777,4.133164698934231,-7.641704371201698
4.014587404417979,14.144468446645309,22.33178912585515,1564.9964521392205,4.094153651130377,-7.711551621132552
4.029632436623007,14.186334682674671,22.477301962677412,1571.2478806533538,4.055227612511073,-7.781246666544583
4.041357027929233,14.218986717770944,22.590375094185575,1576.110181571603,4.024951314398643,-7.835454801939271
4.053081619235458,14.25166280494215,22.703165445424027,1580.9642399179234,3.9947263406631137,-7.889571043709387
4.064806210541684,14.284359761674017,22.815670070862417,1585.8100770958463,3.9645525580301952,-7.943595630475612
4.076530801847909,14.31707160767821,22.927883253364485,1590.64771450434,3.934429833254013,-7.997528800807746
4.088255393154134,14.349791918555804,23.039798935857736,1595.477173442081,3.9043580337131827,-8.051370792157474
4.103182803437322,14.391456483471282,23.181850795590503,1601.61409927831,3.8661449738397833,-8.119789286247148
4.11811021372051,14.433125130023603,23.323412776182067,1607.7378454537502,3.8280139803266877,-8.188060844791591
4.133037624003698,14.474800968779133,23.464489205728427,1613.848454635276,3.7899647874982345,-8.256185943469244
4.147965034286886,14.516489825992958,23.605087025088057,1619.945969123666,3.75199713195835,-8.324165053877062
4.162892444570074,14.558198127646722,23.745213659245838,1626.0304309478663,3.7141107520035854,-8.391998644581443
4.177819854853262,14.59992887186563,23.884872944832903,1632.1018820441598,3.6763053865074884,-8.459687183115706
4.19274726513645,14.641679788318733,24.024063325207873,1638.1603643256944,3.6385807744876573,-8.527231136755251
4.205102299110229,14.676246052197532,24.138908410134164,1643.1650391381481,3.6074179507288644,-8.583026550161616
4.217457333084008,14.710816544431909,24.25342369900676,1648.1608846245235,3.5763101049142536,-8.638723528421423
4.229812367057787,14.745388303804463,24.367606720231247,1653.147922505537,3.5452571017945056,-8.694322313691536
4.2421674010315655,14.779959913565497,24.4814566057332,1658.1261754664679,3.5142588001142174,-8.749823158882398
4.254522435005344,14.814531507110875,24.594974064302612,1663.0956664189973,3.4833150572082396,-8.805226319428535
4.266877468979123,14.84910441067743,24.708160998774026,1668.0564182397472,3.4524257306297264,-8.860532050373603
4.281169777533908,14.889102619850105,24.838686777568473,1673.7841481470173,3.416760628634676,-8.9243885585449
4.295462086088692,14.929107482694105,24.968776725544558,1679.5002496664263,3.3811679336221143,-8.988115425784015
4.309754394643477,14.96911977626276,25.098432375597707,1685.2047574716994,3.345647429687668,-9.051713038656489
4.3275222198764896,15.018870549841612,25.259010735386056,1692.280345541741,3.301589561338691,-9.13059635800398
4.345290045109502,15.068625592172284,25.41891322965019,1699.3381378105776,3.2576425028699534,-9.209281278030364
4.363057870342515,15.118379411651546,25.578135784988525,1706.3781997509852,3.2138058465993034,-9.287768528669309
4.391763705754823,15.198752735208329,25.833936731095825,1717.7148552495123,3.1432154065500044,-9.414157036192687
4.412683161538183,15.257312040776588,26.019229203885992,1725.9475774788177,3.091952361197182,-9.505940849818465
4.433602617321544,15.315859924602025,26.203577187444925,1734.1560655250155,3.0408402158739163,-9.597454484798131
4.454522073104904,15.374398865792518,26.386985598476247,1742.3404247184963,2.9898783147149373,-9.688699115424305
4.475441528888265,15.432930103238814,26.569458048962808,1750.5007580323386,2.93906601653335,-9.779675889708734
4.501580674244797,15.506049894338743,26.796143130130638,1760.663596856286,2.8757846312230395,-9.892977915277584
4.506808503316103,15.520671077575427,26.841304319165648,1762.6917005953492,2.8631561505018333,-9.915588552490304
4.512036332387409,15.53529081949852,26.886406470533856,1764.718320212721,2.850536911024952,-9.93818264373622
4.517264161458716,15.549908958709784,26.931449455873956,1766.7434572096624,2.837926903444428,-9.960760205752376
4.527719819601328,15.57913991909533,27.021357605670435,1770.7892917831703,2.812734531413039,-10.005865836200314
4.538175477743941,15.608363594326274,27.111028658385194,1774.8292156894036,2.7875789635876127,-10.050905570633734
4.548631135886554,15.637579911220692,27.200462820086805,1778.863241248751,2.7624601232522554,-10.095879546408453
4.573584639742566,15.70727973645236,27.412953620142932,1788.4671267645133,2.7026591965301865,-10.202949992089748
4.594060549688027,15.764444225173737,27.586314451534783,1796.3227932087013,2.6537439806406504,-10.290530139304366
4.614536459633489,15.821582942711924,27.758775438623882,1804.1560975525426,2.604968007802481,-10.377860979085387
4.63501236957895,15.878694096626257,27.930337084368276,1811.9671338347832,2.5563306924605755,-10.464943559838733
4.666603016684757,15.966742927676883,28.193258266553972,1823.974740714403,2.481562410608712,-10.598812275584727
4.698193663790564,16.054705614082945,28.454031405527907,1835.9299178151332,2.407120595514525,-10.732096469599028
4.72978431089637,16.142572075758228,28.712654122788997,1847.8329934670808,2.333003202750826,-10.864799802322068
4.761374958002177,16.230335218593392,28.96912746624151,1859.6843022546204,2.2592081489467084,-10.996926003920983
4.792965605107984,16.317989728766385,29.223454332664137,1871.4841775748062,2.1857333581244065,-11.128478791325874
4.824556252213791,16.40553034879175,29.47563767123918,1883.2329517897504,2.11257676075047,-11.259461869928632
4.881740103117336,16.563683448008685,29.92667937919236,1904.370954478689,1.9809558508825353,-11.495122256029916
4.921584359727223,16.673624440981428,30.236806282708223,1919.002009976121,1.8898520287646612,-11.65823890609063
4.961428616337111,16.78333321106172,30.543524451964778,1933.5538870902267,1.7992412300893803,-11.820472823347302
5.001272872946998,16.892795276886368,30.846835211486308,1948.027221153232,1.709119498806217,-11.98183109090233
5.009241724268976,16.91465686710587,30.907088653230144,1950.9125188672583,1.691153491518369,-12.013998291527223
5.017210575590953,16.936508234371487,30.96720619286508,1953.7947049236095,1.6732068597231082,-12.046130801341448
5.02517942691293,16.958349428535527,31.027187994069962,1956.673783809595,1.6552795754791112,-12.078228670372493
5.041117129556885,17.002004366680783,31.146747542821323,1962.4226454552686,1.6278453657271563,-12.135334946597023
5.0513654953812335,17.030059896381275,31.223346062510124,1966.1127761356786,1.6187626686802974,-12.164867554180463
5.061613861205582,17.05810849591602,31.299729068797326,1969.7978012058336,1.6096925383187952,-12.194359300884656
5.07186222702993,17.086153107644872,31.375899195025312,1973.4777310546838,1.6006349490718241,-12.223810269853757
5.082110592854279,17.11419448737994,31.45185724291604,1977.1525759788547,1.5915898755958022,-12.253220543493029
5.092358958678627,17.14223109292259,31.527602099535507,1980.8223462953497,1.58255729249699,-12.282590204370829
5.1026073245029755,17.17025949215342,31.60313108747419,1984.487052362039,1.5735371742810607,-12.31191933538257
5.112855690327324,17.19827510221146,31.678440587624422,1988.146704556427,1.5645294954053617,-12.341208019580801
5.123104056151672,17.22627306482772,31.753526772381125,1991.8013132381504,1.5555342303712176,-12.370456339875078
5.133352421976021,17.254249079015306,31.828386299982725,1995.4508887100692,1.5465513538197015,-12.399664378720562
5.147175401314446,17.29194412303454,31.928994552294245,2000.3654717725535,1.5344548529274324,-12.4389964418887
5.160998380652872,17.329590196956442,32.02918399552893,2005.2709394472752,1.5223807881797564,-12.478255553393854
5.174821359991298,17.36718815469103,32.12895603966106,2010.1673183368232,1.5103290940984349,-12.517441926140087
5.1886443393297235,17.40474438864435,32.228316627223855,2015.0546326862132,1.498299711008039,-12.556555754163494
5.202467318668149,17.442267706474805,32.32727363558415,2019.9329060234265,1.4862925809980103,-12.595597225761642
5.216290298006575,17.479766092064445,32.42583418309314,2024.8021618538355,1.47430764621344,-12.634566529051158
5.2301132773450005,17.517244211796836,32.52400257294777,2029.6624238322556,1.4623448484315866,-12.673463853344682
5.243936256683426,17.554702257490572,32.62177936969375,2034.513715772423,1.4504041290385508,-12.71228938922672
5.257759236021852,17.59213630927079,32.719161748449515,2039.3560616087982,1.4384854291232871,-12.751043328247949
5.271582215360278,17.62953994039396,32.816144866436865,2044.18948530787,1.4265886896959183,-12.789725862215372
5.286877891662018,17.670884958434403,32.92298915942556,2049.5274910211333,1.4134499981624828,-12.832446633283146
5.302173567963758,17.712178477707905,33.02933430110517,2054.854633436292,1.4003380449898704,-12.87508046392854
5.317469244265498,17.753418490819076,33.13517949562249,2060.1709441721096,1.3872527523532878,-12.917627607200737
5.332764920567238,17.794607744812193,33.24052788275534,2065.476454444495,1.3741940434195103,-12.960088312924814
5.351203395853535,17.844201129505226,33.3668699165285,2071.8577733771453,1.358487394619147,-13.011158858719629
5.369641871139832,17.89374091043137,33.49250906471589,2078.2234963157634,1.3428191329928987,-13.06210458769588
5.384352847141111,17.933233116035904,33.59225040775439,2083.29118305765,1.330345790612562,-13.102661960012924
5.39906382314239,17.972694564223445,33.691547977398365,2088.34900364391,1.3178967322780588,-13.14314037217172
5.413774799143669,18.01211962000381,33.790397502755816,2093.396985518462,1.3054718904403444,-13.183540043809609
5.428485775144948,18.051502384848853,33.88879474848409,2098.4351560300493,1.2930711977846356,-13.223861193802225
5.4431967511462265,18.090839751255235,33.986738745267985,2103.463554950014,1.2806945564198051,-13.264104140444921
5.457907727147505,18.13013214238918,34.08423228079936,2108.4822355554766,1.2683418352123008,-13.30426931012159
5.472618703148784,18.16938206477192,34.181280831332096,2113.4912715213322,1.256012852822541,-13.344357292462236
5.487329679150063,18.208592054393254,34.27789004333284,2118.490744241767,1.2437074089110804,-13.384368738875377
5.506719573328707,18.260213873120353,34.404561582821,2125.0658425218285,1.2275238016344716,-13.43699012661063
5.52610946750735,18.311770922129355,34.53048556278663,2131.62461973429,1.2113803661906055,-13.489480894666928
5.5454993616859936,18.363264361338143,34.65566986567057,2138.1672357492844,1.1952767090833945,-13.541842322506252
5.564889255864637,18.414692981720332,34.78012042811062,2144.693845791657,1.1792124482504223,-13.594075652413721
5.58983147868398,18.480747759520415,34.93913781740699,2153.0661233666133,1.1586053566888064,-13.661080105538765
5.614773701503323,18.54668674682888,35.09696144661789,2161.4125238096003,1.1380619577631625,-13.727877460528264
5.639715924322665,18.612509815103742,35.253604085960944,2169.7333378098024,1.1175815359861483,-13.794470043806495
5.675176001417571,18.705895306777688,35.47430257550394,2181.519591163257,1.0885714607887416,-13.88879700003448
5.7106360785124775,18.79905766025842,35.69268848846513,2193.2556195991583,1.0596850066090833,-13.982721999554295
5.7460961556073835,18.89199926147271,35.90880033915297,2204.9422416966936,1.030920158638646,-14.076251593564262
5.7920311182603,19.012066446803605,36.18543635330513,2220.00912354295,0.993835313926545,-14.196833856797852
5.837966080913216,19.131759256412167,36.45839175819562,2234.996202693635,0.9569468914471969,-14.31677744842425
5.883901043566133,19.251080946914556,36.727742915841766,2249.905097241815,0.9202509085099101,-14.436095318257891
5.939206442585673,19.394254573181183,37.047371270501046,2267.7540024239347,0.8763185352614669,-14.578942484981809
5.994511841605214,19.536897393138673,37.36200738954729,2285.4945607959653,0.8326528412548342,-14.72092253774625
6.049817240624755,19.67901342166389,37.67176981060946,2303.12929654831,0.7892476135781382,-14.862055677983381
6.137700348278779,19.903767159466923,38.15420780579728,2330.9390610492715,0.7207980957202337,-15.084620929223624
6.225583455932803,20.127214347662292,38.62504826616157,2358.496506130219,0.6529696238494516,-15.30516683452132
6.313466563586827,20.349371716653053,39.08475220237168,2385.811207180149,0.5857386295979241,-15.523770026990624
6.401349671240851,20.570255846628445,39.53372533402782,2412.8914703167234,0.5190846687166797,-15.740496981598067
6.509596845454098,20.84059751956846,40.07253824737267,2445.93562722899,0.43775148775474126,-16.004953772842967
6.5217727060935236,20.87088816444056,40.132193201563425,2449.631592225315,0.4286544304240545,-16.034533073234158
6.533948566732949,20.90115511907011,40.19165900696039,2453.3233941161566,0.4195676199461644,-16.064079055737388
6.546124427372375,20.931398436111873,40.250936467115864,2457.0110485285863,0.41049101785740305,-16.093591845418192
6.570476148651226,20.991820865473336,40.36893405939558,2464.374007012404,0.40054054921864396,-16.14870116736373
6.586241237599093,21.030896961407887,40.44493207138639,2469.131969013322,0.39958765383575895,-16.181754505261747
6.6020063265469595,21.069947495952363,40.520626964717756,2473.8831005737748,0.3986361264115043,-16.2147603924116
6.617771415494826,21.108974736737174,40.59602155465915,2478.62743756617,0.39768595976157484,-16.247719078017216
6.638081899748915,21.159217549907,40.692713206394444,2484.72971071714,0.3964638340048873,-16.290111282151273
6.652424808411495,21.194668270703353,40.76069513779229,2489.032303942407,0.39560213708128883,-16.320001194614854
6.666767717074075,21.23008960668954,40.82842810781653,2493.329362376458,0.3947415486316534,-16.349852657144574
6.681110625736655,21.26547763808045,40.89591152520129,2497.6209116088417,0.3938820635310635,-16.379665847509816
6.706982295980966,21.329219079069137,41.017006742625036,2505.3481242137814,0.39233450488885546,-16.433346429488324
6.726068114739372,21.376161616889355,41.105820696049435,2511.0372125383965,0.39119512924938943,-16.472868258096643
6.745153933497779,21.423038288526122,41.194197582945996,2516.716713903248,0.39005767362729493,-16.51232348654708
6.764239752256185,21.46985659425151,41.28214285022248,2522.3866723317524,0.3889221292058327,-16.551712420668224
6.783325571014592,21.516626324178777,41.369662716282065,2528.047127137173,0.38778848811158395,-16.591035333567472
6.806128062710221,21.572450361167256,41.4736750795761,2534.7974637745156,0.38643657218341926,-16.63792960421453
6.8248149460870176,21.618158375005113,41.55847061587889,2540.3194109519136,0.38533067054552,-16.676290311146264
6.843501829463814,21.663826118053183,41.642866384411974,2545.8323675492534,0.38422656948573075,-16.714588560941834
6.86218871284061,21.709446252735923,41.72686030004433,2551.336366720707,0.3831242623641377,-16.752824583921708
6.880875596217407,21.755010588500294,41.81044979455721,2556.831440508709,0.38202374276347895,-16.790998602683175
6.904582448600148,21.812727375416333,41.91591028965334,2563.7898861127,0.3806301480506964,-16.83933859651863
6.923253939530038,21.85811527593704,41.99851164729129,2569.260302776916,0.37953456662722496,-16.877341323402618
6.941925430459928,21.9034475326078,42.08071186197764,2574.7218925538787,0.37844075299847474,-16.915282730316648
6.960596921389818,21.948731964056932,42.16251535493697,2580.1746802869293,0.3773487021889741,-16.953162989846238
6.9792684123197075,21.993976153394502,42.2439265293204,2585.61869129307,0.37625840912838937,-16.990982277867406
7.003034934032887,22.051513736860265,42.346989682449625,2592.535597246268,0.37487313372152803,-17.039033697705516
7.021879370589739,22.09709266604125,42.42826095516479,2598.00996169672,0.37377676165969587,-17.077063849674527
7.04072380714659,22.1426274774541,42.50913487551159,2603.475479134261,0.37268216142322785,-17.115032541861584
7.059568243703442,22.188110684957216,42.58960915292836,2608.9321796281943,0.37158932699002895,-17.152939983156713
7.078412680260294,22.233536004630796,42.66968195824584,2614.380092851006,0.37049825241747586,-17.190786379693286
7.100183081810475,22.285939807260025,42.761687891855324,2620.662998773555,0.3692399506396258,-17.234433431182854
7.121953483360657,22.33826773638328,42.85316151113739,2626.9342598192347,0.36798398102613544,-17.27799958626134
7.143723884910838,22.390529432219424,42.94410887386952,2633.1939195740147,0.3667303348478746,-17.321485147718423
7.16549428646102,22.442735120389194,43.034536431968824,2639.4420212432287,0.3654790034519447,-17.364890415699517
7.191502814650254,22.50503824428032,43.14189277001545,2646.8913723916153,0.3639870931942719,-17.41664070722793
7.211716574533791,22.55341088361811,43.22482433655695,2652.6696852034197,0.3628298482229646,-17.45678237414586
7.231930334417329,22.601733963735555,43.30731240468126,2658.4381493058836,0.36167457569062506,-17.496855622543926
7.252144094300866,22.65000002154237,43.3893548590305,2664.1967988096767,0.36052126876577806,-17.536860689387336
7.272357854184404,22.698203631198147,43.47095032787842,2669.945667510411,0.35936992068004614,-17.57679780945262
7.29722788259858,22.757424465830535,43.57072920790581,2677.0054257397715,0.35795603569741197,-17.625841617324216
7.322097911012757,22.81655602289292,43.66983739536511,2684.05048989742,0.3565450935531374,-17.674783346171786
7.346967939426934,22.87560842448997,43.76828194710862,2691.0809205459173,0.35513708211812517,-17.723623416720592
7.371837967841111,22.93458987673487,43.86606950081806,2698.096777735444,0.35373198936589406,-17.77236224613641
7.397730011275419,22.995922399224195,43.96718192500755,2705.385526502711,0.35227224356590714,-17.82299684048831
7.423622054709727,23.057178169579757,44.067588639702855,2712.658611201752,0.35081563486921913,-17.8735226172961
7.449514098144036,23.118350091010292,44.16728920510144,2719.916098462383,0.3493621499316203,-17.923940039433965
7.475406141578344,23.17943064130135,44.26628246426295,2727.1580543571326,0.34791177552051056,-17.974249565904653
7.5063288562686505,23.252255353250696,44.38358337269407,2735.786819540295,0.3461836594696788,-18.034193191176712
7.531303212388786,23.31097628173125,44.47758758244036,2742.7397095352585,0.3447911774001225,-18.082494590457948
7.556277568508921,23.369620472667002,44.57094365142697,2749.67833888113,0.34340155136570777,-18.130696921681686
7.581251924629057,23.428194809611153,44.66365786040832,2756.602763974862,0.3420147700715997,-18.178800576634895
7.606226280749192,23.48670193384969,44.75573468193536,2763.513040895038,0.34063082228672403,-18.22680594489286
7.631200636869328,23.545139372661126,44.84717584012009,2770.4092254851703,0.33924969682708567,-18.274713414397823
7.656174992989463,23.603501494361904,44.93798093517122,2777.2913732944107,0.33787138256764176,-18.32252337104713
7.681149349109599,23.661782884209064,45.02814914319266,2784.1595394228602,0.33649586847328283,-18.370236197618585
7.713573642248581,23.73732732340244,45.14426633747773,2793.0557325238296,0.33471419360292204,-18.432037632038536
7.745997935387563,23.812736466057544,45.25931727400118,2801.928567561063,0.33293719674198685,-18.493676799089993
7.778422228526545,23.888020596495267,45.37331169500518,2810.778160531164,0.3311648546593906,-18.55515450459589
7.810846521665527,23.9631901269066,45.486260239124256,2819.604626036438,0.32939714440328793,-18.616471544693045
7.8455196009386965,24.043450815937465,45.60589399905906,2829.0177902705905,0.3275119337321367,-18.681864353223453
7.85141998722859,24.057096694347635,45.626134846398465,2830.617036832535,0.3271916464610997,-18.69297424375726
7.857320373518484,24.070738653198706,45.64634142350157,2832.2155260489653,0.32687151086656707,-18.70407887304745
7.863220759808378,24.084376490117055,45.6665136380269,2833.813258550126,0.32655152682231703,-18.71517824547231
7.875021532388166,24.11163915248892,45.70675475477848,2837.006456943882,0.3259120126762481,-18.737361244299088
7.886822304967954,24.138884091526325,45.74685805018324,2840.196636773146,0.3252731030697207,-18.759523273300534
7.898623077547741,24.166110930050507,45.786823504568886,2843.3838031812966,0.3246347969726508,-18.781664368207444
7.923438831280504,24.223307487527325,45.87041828297849,2850.0762711902285,0.32329447061767225,-18.828156628218817
7.948254585013267,24.280427271859175,45.95340803959312,2856.7554880617413,0.3219567981190427,-18.874556833202732
7.973070338746029,24.337474667949664,46.03579700777501,2863.4215002440396,0.3206217701744013,-18.920865305832674
7.997886092478792,24.39445395078917,46.11758955136503,2870.074355095095,0.3192893772991846,-18.967082375102247
8.022701846211554,24.451367795219756,46.1987892801583,2876.7141000887996,0.31795960998561335,-19.013208370810336
8.047517599944316,24.50821669596939,46.27939867119984,2883.340782560565,0.31663245875364215,-19.05924362179382
8.087071143528615,24.598688766450923,46.40666482600063,2893.8761155194134,0.3145225070281542,-19.132432083595273
8.119315641572616,24.672313486378815,46.5093096600537,2902.440298041077,0.31280732519578497,-19.191927056160047
8.151560139616617,24.74581959385314,46.610966350599895,2910.982731598759,0.31109649911223347,-19.25127093969652
8.183804637660618,24.819207185739238,46.71163913284739,2919.5035166603543,0.30939000865640737,-19.310464432150425
8.232581255909256,24.930002536100286,46.86207257571325,2932.3521260211287,0.3068167681525923,-19.39972311614988
8.281357874157894,25.04054093592376,47.010287169550054,2945.151771190006,0.30425333389615294,-19.48864164821466
8.330134492406533,25.150827610512774,47.15630027787004,2957.9027756064324,0.30169964111062525,-19.577222275263377
8.37891111065517,25.2608636959826,47.30012715224023,2970.605463378458,0.2991556248856412,-19.66546724885938
8.427687728903809,25.370648387186883,47.441781723408965,2983.2601555062206,0.2966212209332662,-19.75337879897551
8.451952139964524,25.425167826633764,47.51144294806317,2989.5375465573034,0.29536402363997416,-19.79698753891278
8.468427577935943,25.462151053677506,47.558445421435884,2993.793156588955,0.2958384049755835,-19.808228701186103
8.484903015907362,25.49910677654277,47.60522053283268,2998.0433540888994,0.2963815825383287,-19.818497102502423
8.50137845387878,25.53603594098186,47.651778451919235,3002.2881509789217,0.296924069900175,-19.828752456041542
8.521942192153517,25.582092366504607,47.70959049422926,3007.5787081115077,0.29760020599241066,-19.841534347665405
8.538547850741386,25.61925486793779,47.7560355468348,3011.8448290222323,0.29814541857575394,-19.85184121965802
8.555153509329255,25.656391224469004,47.80226011045705,3016.105494997021,0.2986899340153041,-19.862134912622754
8.571759167917124,25.69350069398994,47.84825189712828,3020.3607149336235,0.29923375344819836,-19.872415448056415
8.588364826504993,25.730582264248948,47.893996604647434,3024.6104976596325,0.29977687800260794,-19.882682847286304
8.610788868211458,25.78061072191609,47.955356941064856,3030.340729790309,0.3005092047998323,-19.896526985859683
8.628715432550383,25.820566366331043,48.00406006647901,3034.914571892059,0.30109374431952335,-19.90757730675862
8.646641996889308,25.860487330141858,48.0524527884367,3039.4821104864086,0.30167747824752456,-19.91861239849616
8.664568561228233,25.90037408009306,48.10054358949489,3044.043354653198,0.3022604077442444,-19.929632283009035
8.682495125567158,25.940227543494284,48.1483458681443,3048.5983129869555,0.3028425339080682,-19.940636981061477
8.700421689906083,25.980048840241484,48.19587408931502,3053.146993943117,0.3034238578196054,-19.951626513081667
8.718348254245008,26.019838987705484,48.24313998352911,3057.6894061834646,0.3040043805858364,-19.96260089999631
8.736274818583933,26.059598660652995,48.29014981079368,3062.225558825525,0.30458410337198616,-19.97356016383319
8.754201382922858,26.09932806336223,48.33690330447535,3066.7554615402237,0.3051630274140042,-19.984504327957097
8.772127947261783,26.139026936903445,48.383394418367764,3071.279124486726,0.30574115401023744,-19.995433416912388
8.790054511600708,26.178694687130758,48.429613517766605,3075.796558116585,0.30631848449640003,-20.00634745594983
8.811054122336854,26.22512187701454,48.48339592398758,3081.0804805087387,0.30699377266518335,-20.019113318159203
8.832053733073,26.27150443520015,48.536779346549224,3086.3558855462147,0.30766797231138504,-20.031858602591665
8.853053343809146,26.31784192670627,48.58975967497125,3091.6227888488443,0.3083410854312281,-20.04458334698445
8.874052954545292,26.364134544065987,48.64234133875384,3096.8812052062062,0.3090131139148289,-20.057287587068913
8.900505115186583,26.422384306579264,48.70802522436605,3103.4929130105893,0.30985809378477963,-20.073261355140286
8.926957275827874,26.48056604669135,48.773120118788704,3110.091204604026,0.31070135905564106,-20.08920270988542
8.948129950111019,26.527088008800458,48.824816128870204,3115.362919880106,0.3113750871483203,-20.10193907992019
8.969302624394164,26.57356827835099,48.876154036963875,3120.6260726273244,0.3120477209451326,-20.11465476303803
8.990475298677309,26.62000665524044,48.9271278194689,3125.880678629395,0.31271926246324516,-20.127349797372105
9.011647972960454,26.66640244404555,48.97772605530171,3131.126754105402,0.3133897137754659,-20.140024222107435
9.032820647243598,26.712754837950662,49.02793742626599,3136.364315209533,0.31405907694630864,-20.15267807627225
9.058696864921734,26.76934497471401,49.08877111663579,3142.7538697754385,0.3148756655110003,-20.16811512608372
9.084573082599869,26.825869646933505,49.149021164948444,3149.1307572124306,0.31569063520969576,-20.183521572337778
9.110449300278004,26.882329672236974,49.20869937587271,3155.4950036987857,0.31650398938799296,-20.19889747828067
9.13632551795614,26.938726231784443,49.267820776341225,3161.846634984543,0.31731573133676094,-20.21424290612403
9.16758621788973,27.00677524418863,49.33852166296165,3169.5031634746147,0.3182942398612191,-20.232740942327503
9.193036728963877,27.062110351920797,49.39550508378266,3175.723094416488,0.31908915043407937,-20.247768184490198
9.218487240038025,27.11738613232023,49.45196733433229,3181.930903153622,0.3198825117825505,-20.26276613962256
9.243937751112172,27.172602092859634,49.50789903934083,3188.1266158584235,0.3206743272514805,-20.277734870956653
9.26938826218632,27.22775749867579,49.5632891319774,3194.3102587474204,0.32146460019135586,-20.29267444183115
9.305356405534658,27.305602253571575,49.64063615339915,3203.028809841883,0.32257883578493035,-20.313738305695342
9.330540027504846,27.360033953646372,49.69414272101585,3209.118950574336,0.3233571590981111,-20.328451977028145
9.355723649475033,27.414406850834187,49.747126656356535,3215.1973556859266,0.32413398259253334,-20.343137295310363
9.38090727144522,27.468721937108416,49.79960025382112,3221.2640479472757,0.324909309178295,-20.35779431555541
9.406090893415408,27.522980187293168,49.85157414378378,3227.3190501801587,0.32568314177203145,-20.372423092900288
9.434738545248148,27.58463328747157,49.910094515126495,3234.1927405132315,0.3265616031522926,-20.389029806085972
9.463386197080888,27.646213511998738,49.96796866219999,3241.051369070147,0.32743813962933127,-20.405600130289233
9.492033848913628,27.707720155842434,50.02518413290751,3247.894971581886,0.32831275576958635,-20.422134151835483
9.520681500746369,27.769152374909552,50.08172852363763,3254.7235835930605,0.32918545611567873,-20.43863195659987
9.55269736537195,27.83771893204339,50.14412198893412,3262.337366008767,0.3301585016684771,-20.457026719050468
9.584713229997531,27.906192607052745,50.205678893696934,3269.9325157545604,0.33112916595587993,-20.47537646530305
9.616729094623112,27.974574885195285,50.266418422110036,3277.509078231272,0.33209745478013825,-20.493681305045214
9.648744959248694,28.042867579450107,50.32636188161935,3285.0670983675996,0.3330633738831642,-20.511941346823896
9.68244101797583,28.114649083648082,50.38860648895865,3293.0017860853895,0.33407743130890727,-20.531111410757866
9.709392772249503,28.17199362298609,50.43777059612167,3299.3336249558365,0.3348866437761843,-20.54640902047903
9.736344526523176,28.229275415331628,50.486369620524215,3305.6524187840637,0.335694189079938,-20.56167511361097
9.76329628079685,28.286493574156506,50.534390967317606,3311.958196182128,0.3365000708768049,-20.576909759279918
9.790248035070523,28.343647578990986,50.58182797565813,3318.250985069742,0.33730429273493945,-20.59211302493939
9.817199789344196,28.400737572258663,50.62868288430196,3324.5308123850773,0.33810685809705476,-20.607284975671536
9.844151543617869,28.457764334362366,50.674965684215344,3330.797704190925,0.3389077702939897,-20.62242567444359
9.871103297891542,28.514728986363394,50.720689813884576,3337.0516860875855,0.3397070325974768,-20.63753518310542
9.903008687439076,28.582084664340556,50.77411101968,3344.438475376386,0.34065106830463054,-20.65538153421204
9.93491407698661,28.64935558465212,50.82677166884956,3351.8072525794364,0.3415928020573838,-20.673184368440907
9.966819466534144,28.716541635984342,50.87866661740402,3359.158062141377,0.34253223953578593,-20.69094379316948
9.998724856081678,28.783642174356228,50.92978489527053,3366.4909488238086,0.34346938646039404,-20.708659916540988
10.030630245629212,28.85065661453537,50.980117315174724,3373.805956968703,0.3444042484981362,-20.726332845684844
10.062535635176745,28.917584915771787,51.0296623091014,3381.1031299319343,0.345336831189917,-20.743962685348066
10.09444102472428,28.984427724431402,51.07842711730884,3388.382509968728,0.34626713993597724,-20.761549537618524
10.133816817779708,29.066805016323876,51.137552586806684,3397.341833241542,0.3474121463454999,-20.783195102769106
10.173192610835137,29.149055732537676,51.195529700560826,3406.2741971751543,0.3485537073367423,-20.80477553463726
10.17973457615825,29.16270890366052,51.20505246450168,3407.7556300462097,0.34874303526709866,-20.808354650017986
10.186276541481362,29.176358616465652,51.21454384386426,3409.236321302438,0.348932268418675,-20.811931973670525
10.192818506804475,29.190004870819255,51.224003799635724,3410.7162713114353,0.34912140683845017,-20.81550750648298
10.199360472127587,29.203647665724542,51.23343228627415,3412.1954804416514,0.3493104505735123,-20.819081249345523
10.21244440277381,29.23092286346891,51.25219456733896,3415.151677552147,0.349688254179461,-20.826223368811995
10.225528333420034,29.258184180346607,51.27083009872043,3418.1049156054596,0.350065679616285,-20.83335833924912
10.238612264066257,29.285431582378028,51.28933825833452,3421.0551975720014,0.3504427272636045,-20.840486167833355
10.25169619471248,29.31266503922896,51.307718495719875,3424.002526408754,0.3508193974993234,-20.847606861708716
10.291883075966815,29.396224524429652,51.363371626747934,3433.0367198107388,0.3519739723522621,-20.869433311755337
10.332069957221151,29.479652696776412,51.417817298422996,3442.0431645226704,0.35312500090745047,-20.89119272146196
10.372256838475487,29.562950754954397,51.47106823397193,3451.0219466261838,0.3542724941661685,-20.912885298800273
10.412443719729822,29.646120418504182,51.523143244129365,3459.973156285344,0.355416463651433,-20.93451126160505
10.452630600984158,29.72916320592925,51.57405762300772,3468.8968868023608,0.3565569212873173,-20.956070835292767
10.492817482238493,29.81207992892771,51.62381702899848,3477.793233010332,0.35769387919354323,-20.977564248978496
10.533004363492829,29.894870721068518,51.672418543047755,3486.6622898727564,0.35882734950649764,-20.998991732092353
10.58094986004625,29.993480608667948,51.72888247237161,3497.2080668131384,0.36017510556155297,-21.02447014099397
10.620406336707607,30.074496874452898,51.774107854496236,3505.857729189138,0.361280537139268,-21.045367570943657
10.659862813368964,30.155393086355467,51.81822370444938,3514.4813664647054,0.3623826426949281,-21.06620212471511
10.69931929003032,30.23617098093544,51.86124941993014,3523.0790617746757,0.3634814328532105,-21.086974003160606
10.738775766691678,30.316832228741234,51.90320301242508,3531.6508978243273,0.36457691818389504,-21.107683406094626
10.778232243353035,30.397377535338045,51.94408965936163,3540.1969578846692,0.3656691093290621,-21.128330534698435
10.82166852550487,30.485912473464825,51.987854752300535,3549.575315649853,0.36686766857566455,-21.150988479705035
10.854945014270868,30.5536379484869,52.020489260832804,3556.739070841048,0.3588454668669543,-21.162650583153138
10.888221503036865,30.621260786248218,52.0523576682933,3563.8846645940803,0.3498015349652882,-21.173624912573825
10.914867311422935,30.675323613661668,52.07734226477084,3569.593362615817,0.3425762325005553,-21.182392432085717
10.941513119809004,30.729308537649743,52.10186659840459,3575.2904680577863,0.3353656023647579,-21.19114214750832
10.968158928195074,30.78322697138763,52.12593122399752,3580.976005128992,0.3281696139173932,-21.19987409602225
10.994804736581143,30.8370984630778,52.14952292193946,3586.6499992190365,0.3209882350237156,-21.20858831662131
10.999912163265982,30.84742070521464,52.15398914408519,3587.736265346653,0.31961338539962647,-21.210256623375795
11.005019589950821,30.857741621745742,52.15843745942619,3588.822108477388,0.318239071148121,-21.21192428048418
11.01012701663566,30.868061191223035,52.16286793886769,3589.9075287733835,0.31686529206398223,-21.213591288195484
11.0152344433205,30.878379451298876,52.16728056107959,3590.992526405442,0.3154920479310311,-21.21525764677203
11.020341870005339,30.888696431836028,52.17167527712235,3592.0771015464734,0.3141193385304208,-21.216923356479377
11.030556723375017,30.90932650266244,52.18041095294394,3594.244985030462,0.31137552307189165,-21.22025283032315
11.040771576744696,30.929951253386722,52.18907484557076,3596.411180577591,0.3086338439769089,-21.223579711803605
11.050986430114374,30.95057037836033,52.197667028258536,3598.5756895195964,0.3058942995599405,-21.226904002966045
11.061201283484053,30.971183456075714,52.206187712196886,3600.738513172359,0.30315688815552116,-21.230225705831423
11.08450165675146,31.018177055277107,52.22535803967106,3605.6656763672695,0.29692074740315105,-21.23779293031679
11.107802030018867,31.06513044466152,52.24416293106611,3610.5840928958096,0.29069567700514953,-21.24534672151706
11.131102403286274,31.112038136270005,52.26260786371707,3615.493777904945,0.28448165779052376,-21.252887102695208
11.154402776553681,31.158896434594197,52.28069807269568,3620.3947464590988,0.2782786706927527,-21.260414096987443
11.186202790907346,31.22276760126269,52.304821121348134,3627.0694793302932,0.26983069119164005,-21.27066526992776
11.218002805261012,31.286550235550685,52.32829418115466,3633.728043305325,0.2614031761055044,-21.28089161039103
11.249802819614677,31.350253958713147,52.35111571421003,3640.3704772614497,0.252996076228743,-21.291093178085628
11.281602833968343,31.41388900927044,52.373280821393834,3646.996820159666,0.24460934224976072,-21.301270032848553
11.31805315361613,31.486752775269814,52.397874035078495,3654.572429752715,0.23502115411017227,-21.312904788211092
11.346958186147457,31.544475202980543,52.41675824387736,3660.564917732808,0.22743666846956076,-21.322108157366404
11.375863218678784,31.602140777395714,52.43509898118089,3666.5442071556204,0.21986888778830976,-21.331291255943725
11.404768251210111,31.659742891515247,52.45290222181287,3672.510325561951,0.21231777720897763,-21.340454126240697
11.433673283741438,31.71727569219904,52.47017520629586,3678.4633001524517,0.2047833023046368,-21.34959681003257
11.472995620382676,31.795428456833793,52.492832676334,3686.540658236804,0.1945600683810379,-21.36200215961306
11.5026503550665,31.854281096606474,52.509283021413545,3692.6161409033507,0.18687053922432037,-21.371332993477502
11.532305089750324,31.913065922647,52.52518581485321,3698.677886151532,0.17919839704487758,-21.38064272917156
11.561959824434147,31.97178891194123,52.54053895787901,3704.725923527858,0.17154360444671035,-21.38993141207328
11.591614559117971,32.03045440579534,52.55534001344857,3710.760282421908,0.16390612423243947,-21.3991990873197
11.631817770223057,32.109896393082536,52.57452360017091,3718.919330736557,0.15357949779796323,-21.41172989820246
11.66313720503084,32.17170805056937,52.588767474740045,3725.2581208292477,0.14555670950092056,-21.421465124274643
11.694456639838622,32.233447087229614,52.6024039692526,3731.5817621207984,0.13755309451971903,-21.431177084549784
11.725776074646404,32.295108413413594,52.615439946050714,3737.890287284635,0.12956861150072913,-21.440865829208303
11.757095509454187,32.35668951253618,52.62788152185962,3744.1837288556108,0.12160321926570813,-21.450531408217806
11.794905311290519,32.43092734260869,52.642114407035876,3751.7613186571566,0.11201252484442803,-21.462169204819624
11.83271511312685,32.50505653136561,52.65548771376384,3759.3170302497583,0.1024495209186701,-21.47377340048072
11.870524914963182,32.57908468377089,52.667999962783945,3766.850920765943,0.09291413517776237,-21.485344082946252
11.908334716799514,32.65301664982351,52.679649719984994,3774.363046894827,0.08340629587224285,-21.496881339280357
11.955443041587849,32.744994586543015,52.692961124817735,3783.6922551731936,0.07159863827483165,-21.511209302556683
11.964501896315424,32.76266431368817,52.69536821836454,3785.482392808399,0.06933292272662617,-21.51395862763674
11.973560751043,32.78032803615948,52.69772642695316,3787.2712890862013,0.06706877832172997,-21.51670604621812
11.982619605770575,32.79798561846834,52.700035915591805,3789.0589446913664,0.064806204193459,-21.519451559352486
12.000737315225724,32.83328186029872,52.70450953476451,3792.630537763903,0.06028576185586115,-21.524936875239362
12.018855024680873,32.86855257156615,52.708790048994004,3796.1971772645365,0.05577158908360752,-21.53041458334279
12.036972734136022,32.90379748787149,52.71287836713672,3799.758868879816,0.05126367867942966,-21.535884692396273
12.073380002794648,32.974544378223676,52.72051585978147,3806.9011057849298,0.042223995424556016,-21.54685386631048
12.109787271453275,33.04519051961318,52.72738303367904,3814.023437048802,0.033209506054203364,-21.557792468788385
12.146194540111901,33.11573950261157,52.73348118422233,3821.125908673603,0.02422015234500885,-21.568700570480924
12.186797132265395,33.194306350267155,52.73937568822107,3829.023439026238,0.014224520187742395,-21.58082973744664
12.22739972441889,33.272758957108785,52.74431620142087,3836.8963865167602,0.004260001712358795,-21.592921149617403
12.268002316572383,33.35109790295943,52.74830595832955,3844.7448229631027,-0.005673493978626265,-21.604974917292473
12.308604908725878,33.42932031254939,52.751350646817514,3852.568813209209,-0.015576048955958823,-21.61699114006033
12.357583092651709,33.52351761699674,52.75377687022838,3861.974312306846,-0.027480265215680255,-21.631436272127853
12.40656127657754,33.617533929497746,52.75485369322036,3871.3444398518304,-0.03933971291949123,-21.645827079938453
12.45553946050337,33.71136989794992,52.75459230599474,3880.6793032516716,-0.05115452800937703,-21.660163728450485
12.504517644429201,33.80503358626354,52.752996721066765,3889.9790106228606,-0.06292484732465647,-21.674446383711164
12.553495828355032,33.8985342974193,52.75006644860277,3899.2436700165545,-0.07465080762195742,-21.688675211667373
12.602474012280863,33.99187429006118,52.74580384382853,3908.4733878848424,-0.08633254363402287,-21.702850375810115
12.651452196206694,34.085045970384066,52.74021978987489,3917.668268442752,-0.09797018726222367,-21.716972036194676
12.700430380132525,34.178037911771064,52.73333203590416,3926.8284140836713,-0.1095638681023447,-21.731040350078636
12.740909656613121,34.254754176906346,52.726667142888545,3934.3729068032103,-0.11911267268687231,-21.742627315595822
12.781388933093718,34.33134852746672,52.71912651030415,3941.8938001502192,-0.1286316083584082,-21.754178036778775
12.821868209574314,34.40782851654792,52.71070915852209,3949.3911515750374,-0.13812074782986794,-21.765692601860746
12.86234748605491,34.484200682703836,52.70141279755756,3956.8650182519586,-0.1475801634647862,-21.777171098651028
12.906397738363802,34.56718962214434,52.69029802199676,3964.9715921412535,-0.15784037482643765,-21.789621318382103
12.950447990672695,34.6500480053068,52.67814953701867,3973.0504933741468,-0.16806556185999488,-21.80202903795745
12.994498242981587,34.73276728573397,52.66497924627916,3981.101792272375,-0.17825581356925768,-21.814394365378433
13.03854849529048,34.81534111013988,52.65079966676907,3989.1255584447276,-0.18841121805567373,-21.826717407551463
13.08211062962759,34.8968563614642,52.63579324710193,3997.0334050099946,-0.1984199070879531,-21.838862418339218
13.1256727639647,34.97823400661116,52.61981149800331,4004.914460678763,-0.20839468780527792,-21.850966283193713
13.16923489830181,35.059481682410876,52.602853643157935,4012.7687924835764,-0.21833564504842895,-21.863029105064722
13.21279703263892,35.140605193385,52.58491859057869,4020.596466940089,-0.22824286300397978,-21.875050986108157
13.258765816734668,35.22607660851527,52.56493564070018,4028.8277573025202,-0.23866092371014247,-21.887692747607165
13.304734600830416,35.31140654961288,52.54387475559132,4037.02951248736,-0.249041602759291,-21.900289148457418
13.350703384926165,35.39658774313008,52.52174752197479,4045.201807356784,-0.2593849949019019,-21.912840303633573
13.396672169021913,35.48161431021395,52.498566041420595,4053.344716046669,-0.26969119396920205,-21.925346326994813
13.44536095734872,35.57150254004161,52.47287301385982,4061.9374824164247,-0.2805667624077268,-21.93854324974692
13.494049745675527,35.6612222566329,52.44601140156903,4070.497452504952,-0.2914008217226841,-21.951689803389556
13.542738534002334,35.75078295736557,52.417980493126166,4079.0247136617677,-0.30219348246934885,-21.964786122075658
13.59142732232914,35.84019194806891,52.38877942580622,4087.519352522095,-0.3129448542989387,-21.977832338861134
13.638003391769718,35.92558006394393,52.359753784494366,4095.6149385030094,-0.3231911586434034,-21.990265683167948
13.684579461210296,36.010824338188876,52.329669942916425,4103.680823458248,-0.33339987142264493,-22.002653412113578
13.731155530650874,36.095916222521694,52.298541029506694,4111.717079725827,-0.3435710841923999,-22.01499563679603
13.777731600091451,36.180849501772755,52.26637975087985,4119.7237790380295,-0.353704887741748,-22.027292467383024
13.822254601754949,36.261890614014014,52.234678481793786,4127.349978598596,-0.3633571058607826,-22.03900491971353
13.866777603418447,36.34279295064661,52.20204250782665,4134.94929758,-0.3729753021566041,-22.050676088374555
13.911300605081944,36.423565624049196,52.16846917759405,4142.521798114038,-0.38255955526728536,-22.062306068789212
13.955823606745442,36.50421001353318,52.133954086375645,4150.067541841517,-0.3978620631023671,-22.07561058883869
13.991920626942429,36.56949051325325,52.1052772093982,4156.165654393021,-0.41562201657462655,-22.08797125047196
14.028017647139416,36.63466179620279,52.075980000981296,4162.246250869873,-0.43333095677544714,-22.100296407632314
14.064114667336403,36.69971034617775,52.046067227194534,4168.309362252089,-0.4509889739300705,-22.112586123115168
14.09376244293054,36.75304276236311,52.021043607312464,4173.276155931803,-0.46545410948029436,-22.122653640819816
14.123410218524677,36.806296110471344,51.995615194167236,4178.231191197205,-0.4798850001901128,-22.132697324628413
14.153057994118814,36.85948103688537,51.96978686538441,4183.174484373914,-0.4942816936057567,-22.142717207632423
14.182705769712951,36.91260994407693,51.94356212179885,4188.106051824209,-0.5086442373802136,-22.152713322997613
14.219175631489744,36.97790187486489,51.910761110687616,4194.156336157113,-0.5262648974350703,-22.16497703849851
14.24919938632559,37.03160819613289,51.88330908209264,4199.123947856211,-0.5407324153595239,-22.175046214299943
14.279223141161435,37.08527231688559,51.85544996683945,4204.079590224127,-0.5551650741758376,-22.18509112868418
14.30924689599728,37.13888745966777,51.827181677629106,4209.023280879948,-0.5695629251972929,-22.1951118173645
14.339270650833125,37.19244354555923,51.7985027387605,4213.955037332667,-0.5839260194165357,-22.205108315831016
14.37446740668396,37.25513814331598,51.76435963354365,4219.721347823289,-0.6007196428787285,-22.2167964262496
14.409664162534796,37.31772610157367,51.729654579995554,4225.471308265904,-0.6174656489692484,-22.228451395690648
14.444860918385631,37.38020396858365,51.69439236652634,4231.204945282606,-0.634164115221455,-22.240073278116213
14.480057674236466,37.442576593132365,51.6585789874111,4236.922285052931,-0.6508151178798147,-22.251662126591306
14.521151209180186,37.51527966973981,51.61607577807176,4243.576907205605,-0.6701958326188016,-22.26515081379275
14.562244744123905,37.587873942908345,51.57283603333868,4250.2093906116315,-0.6895120711601038,-22.278594626526242
14.595874883188776,37.64721616441107,51.536903893021375,4255.6208406701235,-0.705272210128441,-22.289563447215173
14.629505022253646,37.70649959522927,51.50047980797976,4261.017514274535,-0.7209893146111498,-22.300502316546613
14.663135161318516,37.76571742719179,51.46356181339912,4266.399434655977,-0.7366634522657969,-22.31141128160922
14.696765300383387,37.82485874764092,51.426148665736086,4271.766624871918,-0.7522946902442375,-22.322290389139678
14.730395439448257,37.88391320097457,51.38824078499054,4277.119107623315,-0.7678830946600328,-22.333139685152034
14.771523829921744,37.95600869572716,51.34121182747851,4283.645032586139,-0.7868889957030704,-22.34636750763453
14.81265222039523,38.02796465621908,51.293452858989994,4290.149033826925,-0.8058310467794123,-22.359550891496458
14.853780610868718,38.099788316314985,51.24497089050431,4296.631150930599,-0.8247093631749634,-22.372689916975084
14.894909001342205,38.17149159520111,51.19577213178603,4303.091423224443,-0.8435240594252803,-22.38578466378544
14.936037391815692,38.24308582468586,51.14586089983478,4309.529889994684,-0.8622752499463459,-22.398835211559334
14.977165782289179,38.31457726267786,51.095239293345614,4315.94659062172,-0.8809630494284113,-22.41184164011947
15.018294172762666,38.38596501994733,51.043907765520615,4322.341564560413,-0.8995875727785865,-22.424804029439464
15.05484485476504,38.44931330213793,50.99769378767803,4328.006561963937,-0.9160861351546191,-22.43628678176109
15.091395536767415,38.512566713970934,50.950920043309075,4333.654461465534,-0.932534902132462,-22.44773487723134
15.12794621876979,38.57571991106506,50.90358804125178,4339.28528811087,-0.9489339466543372,-22.45914836661691
15.1774885598394,38.661156633387414,50.83854472429684,4346.890332239308,-0.9710826408174538,-22.474563526042676
15.22703090090901,38.74640294354469,50.77248731877227,4354.464117860524,-0.9931402986756188,-22.48991532556361
15.276573241978621,38.83146515079945,50.70542470978268,4362.006715633499,-1.0151071260138496,-22.505203908403
15.326115583048232,38.91635585593785,50.63736508082508,4369.51819080912,-1.036983312866804,-22.52042940682212
15.375657924117842,39.001086294244494,50.56831435150667,4376.99860715346,-1.0587690449448122,-22.535591950072586
15.425200265187453,39.085660609794296,50.49827594932728,4384.448028417708,-1.0804645079148512,-22.550691667375826
15.474742606257063,39.17007377929242,50.427251744919474,4391.866518484345,-1.1020698878262771,-22.565728688219405
15.524284947326674,39.25431431032455,50.35524368816969,4399.254140975239,-1.1235853699694416,-22.58070314156264
15.573827288396284,39.33837028028523,50.28225532981231,4406.610958847293,-1.1450111376980678,-22.59561515501697
15.623369629465895,39.42223547083849,50.20829246499821,4413.937034157197,-1.166347371744135,-22.610464854369145
15.672911970535505,39.5059124563506,50.13336262883931,4421.232428038121,-1.1875942501499877,-22.625252363533974
15.722454311605116,39.589411168229304,50.05747375906032,4428.497200919074,-1.2087519489071927,-22.639977804998953
15.771996652674726,39.67274377920867,49.98063271288181,4435.731412839632,-1.2298206428731433,-22.654641300462206
15.832583298273448,39.774438497219286,49.88537412013217,4444.536870736171,-1.255465384786917,-22.672489656763577
15.878235549492166,39.8509099092026,49.81266394572605,4451.141745334669,-1.2747012162952243,-22.685877507406328
15.923887800710883,39.927239727247965,49.73915389074951,4457.72082965371,-1.2938619369951736,-22.699213082051365
15.9695400519296,40.003418739184944,49.664845876213654,4464.274169999077,-1.312947681746289,-22.712496474558893
16.015192303148318,40.079438445025346,49.589742917059304,4470.8018121624955,-1.3319585839109722,-22.725727777747156
16.064540711386858,40.16143170125319,49.50767071773123,4477.829102517685,-1.3524246459408427,-22.739971850408264
16.113889119625398,40.24324088629477,49.424681860035115,4484.826473958681,-1.372803573054864,-22.754155278472922
16.163237527863938,40.32487585152494,49.34078350855892,4491.793982154688,-1.3930955273822954,-22.768278174780672
16.212585936102478,40.40634718682536,49.25598191291251,4498.73168243126,-1.4133006700515638,-22.78234065147448
16.27055804612318,40.501854917538644,49.15521332543284,4506.843753405485,-1.4369260134425035,-22.79878353664765
16.31791452687769,40.57971259698537,49.07198042735129,4513.439965254232,-1.4561366158276667,-22.81215382819854
16.3652710076322,40.657418136040725,48.98792517877799,4520.008886035357,-1.4752677365556612,-22.8254688017064
16.412627488386708,40.73496220078428,48.9030496926542,4526.550563978444,-1.4943195160888332,-22.838728554930928
16.459983969141216,40.81233680791009,48.81735709909203,4533.065046782234,-1.513292093343512,-22.8519331845558
16.521331454342317,40.912316152858736,48.70514037022957,4541.46381193413,-1.5377523959473558,-22.868957188836315
16.531991483296586,40.929659541458975,48.68550281707404,4542.918582566523,-1.541989224724439,-22.871905958211947
16.542651512250856,40.94699461646629,48.66582456140036,4544.371981198335,-1.5462220577296706,-22.874851946590212
16.553311541205126,40.96432153778976,48.646105676613516,4545.824008307772,-1.550450896355763,-22.87779515494042
16.57463159911367,40.9989516025154,48.60654637471825,4548.723950677905,-1.5588965983874674,-22.883673237066727
16.595951657022212,41.03355052937734,48.56682534816816,4551.61841335648,-1.56732634153578,-22.8895402120492
16.617271714930755,41.06811904029658,48.52694302401455,4554.507400342911,-1.5757401374484699,-22.895396087994516
16.668337308268953,41.15079570286457,48.43076334690833,4561.404831615297,-1.5958280019214626,-22.909376940820145
16.71940290160715,41.233303212273626,48.33366448934665,4568.27092718699,-1.615824605273638,-22.923294277272465
16.770468494945348,41.31563936734639,48.23565000540634,4575.10574679361,-1.6357301214771571,-22.937148218433492
16.821534088283546,41.397797069757765,48.13672272185989,4581.909347500359,-1.655544716726943,-22.95093887997241
16.872599681621743,41.479768105785894,48.036885843695806,4588.6817852247195,-1.6752685538753307,-22.964666375231996
16.92366527495994,41.56154689308389,47.93614367959625,4595.423115233016,-1.6949017938782474,-22.97833081623517
16.97473086829814,41.6431327271697,47.83450175967515,4602.133392189067,-1.714444595936902,-22.991932313783593
17.028223317362905,41.72839496180762,47.72707250874913,4609.1293376049,-1.7348193699395558,-23.00611285134494
17.08171576642767,41.8134578053776,47.61867031686834,4616.091335841039,-1.7550952772311124,-23.02022457915605
17.135208215492437,41.89832720451113,47.50930094077385,4623.019443505121,-1.7752724826738917,-23.03426761195863
17.21303324684875,42.021460919599505,47.348463129751146,4633.038580127974,-1.8044519047903587,-23.054576052743645
17.273673797765166,42.11712758820712,47.221736765970306,4640.795872857575,-1.8270440030477821,-23.07029981477837
17.334314348681584,42.21254439992476,47.09378827379759,4648.5098895678975,-1.8495100655716297,-23.085935857830112
17.394954899598,42.30770283492677,46.96462372653576,4656.1807178701,-1.8718503475179178,-23.101484359483635
17.45559545051442,42.40259742942188,46.83425041700924,4663.8084427276,-1.8940650963314616,-23.116945491956827
17.52295862647073,42.507703964551524,46.68801732077595,4672.231344756317,-1.9185956944252138,-23.134018420845536
17.590321802427038,42.61249435830172,46.54031591222211,4680.601274125674,-1.9429720165921749,-23.150983975999722
17.657684978383347,42.716979030175786,46.39115808646046,4688.918343920877,-1.9671943921781927,-23.167842386639165
17.725048154339657,42.82116468553829,46.24055424065024,4697.182666474933,-1.991263148338419,-23.18459388045895
17.792411330295966,42.92505129709314,46.08851327063985,4705.3943534229575,-2.0151786101954965,-23.20123868373957
17.859774506252275,43.028633198174454,45.935043338639524,4713.553515523052,-2.038941100317878,-23.217777020983835
17.927137682208585,43.13190320384001,45.780152904968126,4721.660262339973,-2.062550937798557,-23.234209114275693
18.022530015630416,43.277604182844705,45.55840309244054,4733.050690058304,-2.0957240654832505,-23.25729711432413
18.096486944924035,43.3901314478764,45.384553924212135,4741.809607038072,-2.121233263077459,-23.27505113380908
18.170443874217654,43.50228876795364,45.209036831994865,4750.505796174598,-2.146559774050526,-23.29267800614173
18.244400803511272,43.614085889178234,45.0318662171237,4759.139394580313,-2.17170399772443,-23.310178009244208
18.31835773280489,43.72552945462677,44.85305516003795,4767.710538134818,-2.1966663298307005,-23.327551418539727
18.40088618204305,43.849470660248016,44.65159735444183,4777.201500300146,-2.2243075130721626,-23.346789268105304
18.41739187189068,43.874205532012624,44.61106369995145,4779.090397108304,-2.229808677431373,-23.350617996110667
18.43389756173831,43.89892208231058,44.57044956439315,4780.976198904055,-2.2353008279726376,-23.35444045063374
18.45040325158594,43.92362012491885,44.529755039392796,4782.858907048242,-2.240783968659235,-23.358256634432895
18.476643323491267,43.962841662301386,44.46489330719128,4785.845596004918,-2.261758057688172,-23.37107252456353
18.49821621557555,43.995044074277494,44.411412555484,4788.29520994709,-2.2793804660603065,-23.381815144483536
18.519789107659832,44.027202169977805,44.35778883356484,4790.739550320614,-2.2969649366257103,-23.392534637517045
18.541361999744115,44.0593114738964,44.304020087155,4793.1786209327065,-2.314511496773322,-23.403231020360344
18.572787412851618,44.105992608634644,44.2254327909603,4796.722212190119,-2.340003926893416,-23.41877120543803
18.60421282595912,44.15255773019971,44.146532499661596,4800.254638627089,-2.3654160378163325,-23.434262427934136
18.635638239066623,44.199006187442265,44.06731965924102,4803.7759110253855,-2.3907479071056117,-23.449704735131395
18.667063652174125,44.245344564231495,43.987798404434294,4807.286038440095,-2.4159995999031176,-23.465098166740287
18.698489065281628,44.291584627942,43.90797556206527,4810.785028999495,-2.441171174683308,-23.48044275840684
18.72991447838913,44.3377410944001,43.82785952511032,4814.272890383927,-2.4662626866981965,-23.49573854381268
18.761339891496633,44.3838294189341,43.747459119846724,4817.74963014019,-2.4912741902391007,-23.510985556053797
18.811815481255636,44.457746188943055,43.617743472726495,4823.31072124449,-2.5312804200973904,-23.535373353267694
18.84814457707606,44.510883385334076,43.52395548423263,4827.295512414681,-2.559946821798427,-23.55284839138084
18.884473672896483,44.56397656104039,43.42981645189801,4831.265481637637,-2.588506595102823,-23.57025842882475
18.920802768716907,44.61702472440312,43.33532737156854,4835.2206434947775,-2.616959844908628,-23.58760352954527
18.95713186453733,44.67001869571668,43.240484983166546,4839.161013618819,-2.645306683676877,-23.60488376209865
19.013123038724682,44.75155316043309,43.093605283594044,4845.205067087135,-2.688787322241177,-23.631389558815634
19.054850818270243,44.812172421449695,42.98357008568203,4849.686648153144,-2.7210276072666604,-23.651043236158007
19.096578597815803,44.87263881328031,42.87303328701812,4854.148795113907,-2.7531280842460246,-23.670611686517244
19.138306377361364,44.93293649127309,42.76198850169425,4858.591531531322,-2.7850889226824718,-23.69009501322249
19.180034156906924,44.993063033931605,42.650436225715886,4863.014879002428,-2.816910277944083,-23.709493310986122
19.221761936452484,45.05302748344371,42.53838286998869,4867.418857390074,-2.8485922929232768,-23.728806666915364
19.27143521058537,45.1242204459948,42.40435361779475,4872.636182295695,-2.886125484792451,-23.75168690020248
19.321108484718255,45.19523683446524,42.26964733984408,4877.826116856493,-2.9234616317993227,-23.774447014944037
19.37078175885114,45.26610370210014,42.13428122266541,4882.988691906476,-2.9606009557623043,-23.79708714636054
19.420455032984027,45.336837676820885,41.99826718336499,4888.123939425463,-2.997543686742729,-23.819607434697367
19.470128307116912,45.40744173797644,41.86161016206776,4893.231893085012,-3.034290066972216,-23.842008027618917
19.519801581249798,45.47790604434185,41.72430848629359,4898.312588208316,-3.0708403505641515,-23.8642890800327
19.569474855382683,45.54821224896963,41.58635603415665,4903.366061185804,-3.1071947993095974,-23.886450751526553
19.61914812951557,45.61833964744987,41.44774536000941,4908.392348570933,-3.143353676172411,-23.908493202403232
19.67394433008497,45.6954732502178,41.29406990473626,4913.905516235156,-3.1830151470394568,-23.932670834540442
19.717486099445914,45.75658672054008,41.1713799295696,4918.262824269871,-3.214361417677854,-23.951779520723797
19.761027868806856,45.81754220268502,41.0481804901873,4922.599322599424,-3.245557984268543,-23.970796947321567
19.8045696381678,45.87834391294868,40.92447572383434,4926.91503251672,-3.276604999991684,-23.989723207712377
19.84811140752874,45.93899903765549,40.800271297799036,4931.209974688536,-3.30750261352311,-24.008558392529014
19.89700374773516,46.00694394394174,40.6602167666138,4936.007967470849,-3.3420191496681797,-24.029599672525002
19.945896087941577,46.07472681416226,40.51954933468559,4940.779828888431,-3.376347697994981,-24.05052635514936
19.994788428147995,46.142356432177486,40.37827643671743,4945.525587647997,-3.410488465018263,-24.07133856629347
20.043680768354413,46.209836955114426,40.236403166157224,4950.245272944587,-3.4444416607657935,-24.092036433990266
20.09257310856083,46.27716734896064,40.093931961198436,4954.93891458218,-3.4782074996460044,-24.11262008894312
20.14146544876725,46.34434207915153,39.95086292921383,4959.6065428885995,-3.5117861998358446,-24.133089664152703
20.190357788973667,46.41135276992677,39.80719466997467,4964.248188456051,-3.545177981414208,-24.1534452937791
20.24581163326526,46.48714647038281,39.643518106923665,4969.481348683578,-3.58282509185011,-24.176394971823047
20.30126547755685,46.56270693908059,39.4790669543414,4974.681167281665,-3.620232344159929,-24.19919843235638
20.35671932184844,46.6380284656091,39.313842215443195,4979.847686889952,-3.6574000450912525,-24.221855862372422
20.412173166140033,46.713111169455175,39.147847826752006,4984.980948832575,-3.6943284919279913,-24.24436744309544
20.46812908675707,46.78863867312828,38.979578633749874,4990.127023819002,-3.731349115203838,-24.26693521457457
20.512683776716674,46.84861340784782,38.8450453007836,4994.200407272513,-3.7606528456563217,-24.28479876828651
20.557238466676278,46.90844817497085,38.710029532004974,4998.252393241196,-3.789802643601609,-24.30256848474402
20.601793156635882,46.96814681561843,38.574535326964835,5002.283001529769,-3.8187986515139176,-24.320244450799375
20.66099100453221,47.04725881944289,38.393774669159036,5007.605248749938,-3.857086649617041,-24.34358481395713
20.72018885242854,47.126138749918596,38.21218164910121,5012.889836220485,-3.8951037252390277,-24.36676002277382
20.779386700324867,47.2047861619243,38.029761249313154,5018.136815950688,-3.9328502525321976,-24.389770305332696
20.838584548221196,47.28319561353703,37.84651545530223,5023.3462365095775,-3.970326580899891,-24.41261587463003
20.897782396117524,47.361359096256656,37.66244479109915,5028.518145515377,-4.007533052905388,-24.435296939492396
20.956980244013852,47.43926869568905,37.47754978796202,5033.65259023126,-4.044470008557749,-24.457813707189313
21.01617809191018,47.51691888540505,37.29183217746258,5038.749617311959,-4.0811377834889475,-24.48016638232202
21.086251195988932,47.60849724158659,37.07093848485581,5044.7347233396895,-4.12419435691686,-24.50641366893725
21.156324300067684,47.69971418149357,36.848907009082374,5050.667538557102,-4.166874752695847,-24.532431637662462
21.226397404146436,47.790578775990625,36.625749739864624,5056.54813496941,-4.209179488828063,-24.558220604271774
21.296470508225188,47.881101823636115,36.401479469618614,5062.37658341961,-4.2511090749547105,-24.583780879442454
21.388622466827538,47.99964053178844,36.104870010937695,5069.962213277327,-4.305679742116238,-24.617047157451566
21.462497497307325,48.09425923455071,35.86572703643021,5075.978415850287,-4.348960022639203,-24.6434308159091
21.536372527787112,48.18851164559975,35.62538066664934,5081.936922187488,-4.391825239134898,-24.669561451340876
21.6102475582669,48.28239119916551,35.383835933694854,5087.837814927993,-4.4342759861049,-24.695439426155048
21.684122588746686,48.37588924630805,35.14109678960169,5093.681176229016,-4.476312854584357,-24.721065100646637
21.77550028694916,48.4910013750759,34.83920210215787,5100.82949071957,-4.527737495404801,-24.75241356103815
21.866877985151635,48.60551611330351,34.53550102580135,5107.890056127249,-4.57853087341846,-24.78337720363066
21.942381460664276,48.69969055765856,34.28320904759272,5113.657949254306,-4.620024827376638,-24.808671917436968
22.017884936176916,48.793469780637565,34.02970880375578,5119.366111673244,-4.661089081408347,-24.833704686173554
22.093388411689556,48.88686332952326,33.77501330317206,5125.014621748411,-4.701724199263052,-24.858475853502085
22.168891887202197,48.97987904613666,33.51913458427886,5130.603557232808,-4.741930740292213,-24.8829857604032
22.264787692643324,49.097477177457485,33.192456301480235,5137.616217572661,-4.792379491483741,-24.913739318489313
22.28396685373155,49.12092472376633,33.12689515226081,5139.007246792564,-4.802386490769903,-24.91983958512716
22.303146014819774,49.14434795507781,33.061259003801226,5140.394444779419,-4.8123659283443345,-24.925923050145883
22.322325175908,49.16774675292466,32.99554791714407,5141.777812711939,-4.822317812686633,-24.93198971871465
22.36068349808445,49.21447050664856,32.86390134147682,5144.533065046636,-4.842138969389896,-24.944072695589412
22.399041820260905,49.26109531800109,32.731956014202005,5147.273012721052,-4.861850025081395,-24.956088554888797
22.437400142437358,49.307620539551124,32.59971261064696,5149.997665371377,-4.881451049083431,-24.96803733887168
22.589192681973408,49.49074936984985,32.07348871355025,5160.629896194028,-4.9579388213963975,-25.014664283902963
22.689178138112847,49.61051481043571,31.724349697175036,5167.50284854653,-5.00738251984734,-25.044805161851173
22.789163594252287,49.7296024046861,31.373236335680335,5174.272373552741,-5.056082166796205,-25.074492466013155
22.889149050391726,49.84802419297257,31.020171621719875,5180.93863412634,-5.104038934236398,-25.10372691083608
22.989134506531165,49.96579351242928,30.665178702100327,5187.501789032409,-5.1512539643165045,-25.132509192573707
23.10976775908579,50.10702799256598,30.234339958524608,5195.283268497093,-5.207233564409904,-25.16663435608021
23.209830122039406,50.22347476613458,29.87488638668439,5201.624307630772,-5.252850703989979,-25.1944425637893
23.30989248499302,50.33928165218817,29.51355982601608,5207.8625827916685,-5.297728564346032,-25.221800106892807
23.409954847946636,50.45444410394085,29.15037361819305,5213.998247168547,-5.341868247510889,-25.24870765718993
23.51001721090025,50.56895812500592,28.785341054040934,5220.031451377905,-5.3852708370126,-25.275165875199352
23.64630310458069,50.723884950211655,28.285220186280586,5228.084185838211,-5.443201832884551,-25.310480609547692
23.782588998261126,50.87761751329806,27.781742102423134,5235.947484017851,-5.49977003299472,-25.344964583616946
23.918874891941563,51.03017399482744,27.274950414712723,5243.621697738796,-5.5549779683339455,-25.378619340299096
24.055160785622,51.18157648313559,26.76488902402642,5251.107169480116,-5.6088281026806746,-25.411446381513453
24.213438047095668,51.355985756071334,26.16847294208729,5259.56407211221,-5.669666665517219,-25.448533568646514
24.330282188147137,51.48376670988847,25.725422478860352,5265.644427764714,-5.713408460300284,-25.475198566191146
24.447126329198607,51.610719536503076,25.280045465878057,5271.586785353845,-5.756157503456055,-25.501258382356376
24.563970470250077,51.73683933087386,24.832356981818023,5277.391347862005,-5.797915255230468,-25.526713907308114
24.680814611301546,51.86212304239467,24.382372292631942,5283.058314175947,-5.838683146405533,-25.551566013251048
24.840811010898083,52.03232402728946,23.762507211854352,5290.595321230787,-5.892904023392479,-25.584619059174177
25.00080741049462,52.20097658525965,23.138412364573874,5297.875178142147,-5.945274974248887,-25.616544390151606
25.160803810091156,52.368103753116166,22.510131966846966,5304.898354832822,-5.995799379577415,-25.647344066998674
25.320800209687693,52.533728570153926,21.877706044546997,5311.6653103008975,-6.044480541388857,-25.677020102621118
25.462814840367894,52.679493922581145,21.312911628312904,5317.457456952905,-6.086148974073577,-25.702421178656913
25.604829471048095,52.82409331939567,20.744894471797892,5323.048406854245,-6.126370006724203,-25.72693991965029
25.746844101728296,52.967525444717815,20.173666814310884,5328.438469373022,-6.165145864920447,-25.750577682314617
25.888858732408497,53.109785588745815,19.599237226192738,5333.62795067903,-6.202478751233513,-25.773335809337272
26.0308733630887,53.25086910566451,19.021612235730313,5338.617152873702,-6.238370838967016,-25.79521562556411
26.1728879937689,53.39077408423117,18.44079746590676,5343.4063733563435,-6.272824267597668,-25.81621843522011
26.3149026244491,53.5295024797262,17.856798094490927,5347.995904959315,-6.305841143747816,-25.836345522502224
26.487066626075155,53.69611219269291,17.14455314441207,5353.292419737135,-6.343944023861652,-25.85957303773606
26.65923062770121,53.8610133260552,16.427640638106713,5358.2963953195795,-6.379942390657287,-25.881517641677824
26.831394629327264,54.024220012961834,15.706062960714867,5363.008340823185,-6.4138399066953165,-25.902181567024414
27.003558630953318,54.18574100075834,14.979819493466861,5367.42876895394,-6.4456402603586955,-25.921567062214034
27.175722632579372,54.34557760099686,14.248909282740424,5371.558198185791,-6.475347181524803,-25.939676400979884
27.37267355302701,54.52635738281797,13.407049712427382,5375.9259666517455,-6.506768704017328,-25.95883096069256
27.536647191771905,54.675183212754824,12.701508184162995,5379.272975781534,-6.5308469314861375,-25.97350904785197
27.7006208305168,54.82248831972985,11.991775424914488,5382.357489629803,-6.553036780150818,-25.987035979316346
27.864594469261696,54.96829367929294,11.277895042989186,5385.179959174427,-6.573341494325147,-25.99941373281933
28.028568108006592,55.1126324676481,10.559933570909685,5387.740828746352,-6.591764270505227,-26.010644256944907
28.192541746751488,55.2555484013787,9.837984675122472,5390.040531325182,-6.608308223526105,-26.020729450496475
28.356515385496383,55.397095518380944,9.11217324370077,5392.079481286446,-6.622976334386004,-26.029671130690517
28.52048902424128,55.53733970457887,8.382659940834959,5393.85806325495,-6.635771370057827,-26.03747098427368
28.684462662986174,55.67636060011926,7.649645054883439,5395.376616625189,-6.646695772129728,-26.04413049963807
28.84843630173107,55.81425257779999,6.913370091451953,5396.635415707537,-6.655751513977738,-26.049650879753692
29.012409940475965,55.95112401559177,6.1741153788055305,5397.634645727798,-6.662939928107648,-26.054032936916055
29.148219846399513,56.063799305422414,5.559799201522916,5398.265781948821,-6.667480292625438,-26.05680074306848
29.28402975232306,56.175927902515696,4.943838597873487,5398.718872580846,-6.6707398054856775,-26.058787742066713
29.41983965824661,56.28758065275963,4.32641783819737,5398.993800544773,-6.672717624426786,-26.059993420468114
29.555649564170157,56.39882345289422,3.707706756610088,5399.090357579037,-6.673412251224794,-26.060416864955364
29.56117630044203,56.40334259387088,3.6825033241429437,5399.090505781486,-6.673413317386295,-26.0604175148874
29.57,56.410556413843544,3.6422609161434556,5399.090129031185,-6.673410607062212,-26.060415862673874
29.57896966979724,56.41748933029125,3.600203854643215,5399.088862421363,-6.6734014951302685,-26.06041030804028
29.587939339594477,56.42402729154534,3.55701333634339,5399.087098385783,-6.673388804740636,-26.06040257197892
29.605878679188955,56.43632245949795,3.4683916624619786,5399.082581138156,-6.673356307872032,-26.06038276188823
29.62381801878343,56.44707427074075,3.3753408092954125,5399.076096741064,-6.673309659421996,-26.06035432499368
29.64175735837791,56.45631833379444,3.2779629653481663,5399.067667201927,-6.673249017710865,-26.060317357807346
29.731399580994132,56.48100905951041,2.7296629969217565,5398.99707697751,-6.67274119493098,-26.06000778904717
29.821041803610356,56.47277061600807,2.086858026561759,5398.880851777254,-6.6719050762647765,-26.059498091118865
29.91068402622658,56.43483285374568,1.3588109976588496,5398.721021598655,-6.670755265419495,-26.058797166442172
30.000326248842804,56.36997325642705,0.5534843236368259,5398.519358075928,-6.669304507448992,-26.057912784401765
30.136305004872835,56.22548033727993,-0.80049793348738,5398.1370312594645,-6.666554066175229,-26.056236115436185
30.272283760902866,56.03138933678833,-2.2969268287510554,5397.666611686034,-6.663169889719293,-26.054173121511596
30.408262516932897,55.79331121419088,-3.9197475828595607,5397.112063527112,-6.6591804961457575,-26.0517411872398
30.54424127296293,55.51589511761281,-5.655669996400221,5396.476887210682,-6.654611067370177,-26.048955663516196
30.68022002899296,55.202948454485785,-7.4938238628434055,5395.764230423814,-6.649484247706412,-26.045830354314226
30.909328538202526,54.603899705841194,-10.797635746189963,5394.39627696557,-6.639643254372632,-26.039831284902846
31.138437047412094,53.92496089345859,-14.331954169744174,5392.829715682088,-6.628373485613475,-26.032961234010287
31.36754555662166,53.17560046053753,-18.069948173202885,5391.077278457367,-6.615766534008206,-26.025276036471713
31.596654065831228,52.36312837530955,-21.991013938182252,5389.151540934358,-6.601912868145287,-26.01683084193749
31.825762575040795,51.4935411099631,-26.07834833834715,5387.065198428299,-6.586903817530022,-26.007681324872905
32.054871084250365,50.571894410901805,-30.317877113003725,5384.831012600672,-6.570831188959515,-25.9978834507003
32.4026697028456,49.08292276795463,-37.01797427647785,5381.1853612168225,-6.54460454305316,-25.981895687688628
32.750468321440835,47.49730339520973,-44.0046373697009,5377.271971980155,-6.516451803529437,-25.96473377803225
33.09826694003607,45.82679545693295,-51.245876729838386,5373.132052734042,-6.48666941769032,-25.946578436002692
33.446065558631304,44.082041255276096,-58.71291266016816,5368.803372467208,-6.455529093877947,-25.927595295001872
33.79386417722654,42.27280241929596,-66.37944813123201,5364.319555765196,-6.423272725791404,-25.907931813425677
34.14166279582177,40.40802783442902,-74.22143479212845,5359.709771504288,-6.390110152965292,-25.887715909451746
34.596741937679795,37.89768503402741,-84.71106449436265,5353.528601831669,-6.345643106826692,-25.860608798689984
35.05182107953782,35.32249537593782,-95.4199772307428,5347.218861078532,-6.300251126335489,-25.832937847958615
35.50690022139584,32.696598178954616,-106.31027464626534,5340.815309353039,-6.2541842740874785,-25.80485549541286
35.96197936325386,30.032110270919336,-117.34947065552142,5334.3441653262935,-6.2076311659789125,-25.77647672130068
36.41705850511188,27.33930796573902,-128.5100028160986,5327.824922082023,-6.1607320343443455,-25.747887011251443
36.958867894085714,24.108196657297665,-141.92406126442367,5320.0200130758385,-6.104583883222892,-25.713659099040377
37.500677283059545,20.86110694399903,-155.44527208787196,5312.184354017087,-6.048214517658425,-25.67929633450766
38.04248667203338,17.607704057998447,-169.04766324061217,5304.329682239046,-5.99170837547875,-25.644850190952045
38.58429606100721,14.355650403365857,-182.710625999496,5296.46359556634,-5.935120115079609,-25.61035398813089
39.29212436963587,10.119054564046685,-200.62472587775054,5286.178349827757,-5.861128537267023,-25.56524872323536
39.999952678264535,5.905610337595789,-218.58605609155822,5275.889826746052,-5.787113382400969,-25.520129085768335
40.7077809868932,1.722996938542889,-236.5738927548104,5265.601939071671,-5.713102798625555,-25.475012234838108
41.41560929552186,-2.4231045896363366,-254.57288182726126,5255.317003262101,-5.6391134504278195,-25.429908329115765
42.3844866571112,-8.031516840670982,-279.20748236781543,5241.2464029717985,-5.537890208639413,-25.36820264220617
43.35336401870053,-13.556383961963105,-303.8219408150456,5227.185654779595,-5.436737842384917,-25.30654016102115
44.32224138028987,-18.99282265907503,-328.4029334673458,5213.135258623232,-5.335659948193111,-25.2449230780046
45.2911187418792,-24.337320908665113,-352.9408426465188,5199.096218695488,-5.2346637501799655,-25.183355796977523
46.25999610346854,-29.587889384517123,-377.4301444004365,5185.068509709023,-5.133749066429553,-25.121838207043975
46.89568858122477,-32.981187582883194,-393.469680154517,5175.870532195283,-5.067579245481738,-25.081501085033945
47.531381058981,-36.33320328438057,-409.4858890326706,5166.6772618453615,-5.001443287650739,-25.0411846059795
48.16707353673723,-39.64375325551896,-425.4782335189075,5157.488787226583,-4.935341830085755,-25.000889158286775
48.80276601449346,-42.912700117959204,-441.4462966864904,5148.305034456801,-4.869274341282079,-24.960614417950513
49.46526619971222,-46.2751139715213,-458.0615430491742,5138.738990771565,-4.800456669474826,-24.918663166090173
50.12776638493098,-49.59215604665314,-474.6498156121724,5129.178051315462,-4.731675717253728,-24.876734298489087
50.79026657014974,-52.86376918408989,-491.21090915963396,5119.622204040124,-4.6629313979433995,-24.834827762309942
51.79816417655122,-57.753846332753064,-516.3537459641562,5105.094102564103,-4.55841691397733,-24.771115734210614
52.806061782952696,-62.53863970087779,-541.4330079125274,5090.5777047288175,-4.453986625456482,-24.707455031653623
53.813959389354174,-67.21813268075216,-566.4484715489045,5076.072969128456,-4.34964023450938,-24.643845473056526
54.88416073728782,-72.07165252221567,-592.9403152857382,5060.68433699809,-4.238935133178454,-24.576359644690147
55.95436208522147,-76.80653342421226,-619.3600378087726,5045.308762935074,-4.128323970974603,-24.50893108161444
57.024563433155116,-81.42284723932899,-645.7076209965049,5029.946201103384,-4.0178064181556055,-24.441559582818552
57.91840794003792,-85.18763419731471,-667.6581459660833,5017.125153086928,-3.925572397106415,-24.3853337247575
58.81225244692073,-88.86982064696171,-689.558372892699,5004.313124888434,-3.833403264206674,-24.329147422511536
59.70609695380354,-92.46946084216401,-711.4083257727219,4991.51009102981,-3.7412988361681743,-24.27300056434816
63.03609714557206,-105.15442895499424,-792.3680216408823,4943.891291448529,-3.398731414434812,-24.064171468407007
66.36609733734058,-116.69743825137512,-872.6320372876885,4896.395718021692,-3.057050475905333,-23.855882772615693
69.6960975291091,-127.10139526398005,-952.2020138063318,4849.022249542236,-2.7162479546684546,-23.6481295599948
70.56421007755506,-129.62676153297284,-972.8315582090092,4836.692080011987,-2.627545290538864,-23.594056417067122
71.43232262600102,-132.07496028992415,-993.414064776619,4824.369971476685,-2.538900616830703,-23.540018625099613
72.30043517444699,-134.4460573499115,-1013.949606632709,4812.056064952274,-2.4503149480060844,-23.486016802508363
72.96097422150591,-136.1985813263047,-1029.543470532987,4802.692027805565,-2.382950501808987,-23.44495143696153
73.62151326856483,-137.9065176703896,-1045.1101713305827,4793.332707402197,-2.315619987643348,-23.403906756380646
74.28205231562374,-139.56988857201512,-1060.6497214485812,4783.978078008773,-2.248323220384305,-23.362882647913594
74.94269373498372,-141.19066490005798,-1076.1654728824894,4774.626660867526,-2.2168086307318244,-23.341570158304062
75.6033351543437,-142.77258520713525,-1091.6572188244088,4765.279887077896,-2.189587377234526,-23.322624573551312
76.26397657370367,-144.32047216879903,-1107.1276160913033,4755.937748002791,-2.1623796217357665,-23.303688383203394
76.91760533435387,-145.82264078104546,-1122.4151033550138,4746.699326496745,-2.135473930061708,-23.28496242475358
77.57123409500406,-147.2986146394334,-1137.6856152978978,4737.4654483197,-2.1085814702378283,-23.26624567547332
78.22486285565425,-148.75052850500603,-1152.940328090794,4728.236135396565,-2.0817023061175535,-23.24753817980365
79.44129787537085,-151.39327547679818,-1181.2906318729104,4711.072124103589,-2.0317143730667957,-23.212747327048767
80.65773289508745,-153.9658237791533,-1209.5934543949209,4693.924008376012,-1.9817727337666908,-23.177988694051013
81.87416791480405,-156.47173842385163,-1237.8507641256404,4676.791769947436,-1.931877335018744,-23.143262243785035
83.09060293452065,-158.91304500983904,-1266.0636825825754,4659.675371085467,-1.882028066932311,-23.10856789976859
84.40934680085488,-161.48883703303622,-1296.6005037798077,4641.137235693214,-1.8280381775611103,-23.07099174535031
85.72809066718911,-163.9918846063993,-1327.0869259343294,4622.6176120409145,-1.7741022012060246,-23.03345311358381
87.04683453352334,-166.42292050769618,-1357.5233620641168,4604.116431918369,-1.7202199392137902,-22.9959518662094
88.449330906499,-168.92983121032063,-1389.838231968273,4584.460411602913,-1.662974356534908,-22.956109798008132
89.85182727947466,-171.35607666413614,-1422.0970197521885,4564.825084394239,-1.6057890398170966,-22.916309674013192
91.25432365245032,-173.7018447178813,-1454.2998409858658,4545.210364460094,-1.5486637390851732,-22.876551320245596
92.87210540655634,-176.30792460813666,-1491.3764532181438,4522.610235406369,-1.4828438256166705,-22.830741646228933
94.48988716066236,-178.8072937939377,-1528.3788367848952,4500.037281647445,-1.4171030566321678,-22.784987055587823
96.10766891476838,-181.20011092779177,-1565.3070976972936,4477.49137253373,-1.3514410516318551,-22.73928728350009
99.20648688572014,-185.4865232335202,-1635.8356122896132,4434.380276913216,-1.2258856365928932,-22.6519025950241
102.3053048566719,-189.38342246153277,-1706.0931536047385,4391.3670671666005,-1.100615301330885,-22.56471631780335
105.40412282762365,-192.89172371404575,-1776.0803542267408,4348.450974607694,-0.9756278071480635,-22.47772689373772
106.59413439701929,-194.13588685742522,-1802.8851928891515,4331.995830400215,-0.9277043565662858,-22.44437288986235
107.78414596641493,-195.32292612232135,-1829.650290956853,4315.554655989863,-0.8798215911874951,-22.411047202278933
108.97415753581056,-196.4528832113988,-1856.375678506393,4299.127570997231,-0.8319798593909864,-22.377750073454244
109.63009005304876,-197.05132684312662,-1871.0897050200533,4290.0790496942145,-0.8056272271663375,-22.359409036098278
110.28602257028696,-197.6324514502059,-1885.7916830788042,4281.034812162597,-0.7792870708643738,-22.341076681797656
110.94195508752516,-198.19626552521993,-1900.4816185579048,4271.9948126203035,-0.7529592571508072,-22.322752917753707
114.51506643408239,-200.96418215840654,-1980.292163884382,4222.824465496441,-0.6097570663484758,-22.22308633763482
118.08817778063961,-203.22011805010854,-2059.7465337228423,4173.7784117460515,-0.46691686370414337,-22.123671695852554
119.37434605492814,-203.90696673810606,-2088.2596370350175,4156.154229769596,-0.41558874385642786,-22.087948093158406
120.38147478297223,-204.39989622864354,-2110.5549585898934,4142.3648662202395,-0.38236093197441934,-22.062065050007753
121.15668124988649,-204.7542344481029,-2127.697649087874,4131.757672094367,-0.3689357717067461,-22.045774333436146
121.93188771680074,-205.0894507191197,-2144.825100651576,4121.156440464917,-0.35551815796543185,-22.029492774172127
122.707094183715,-205.40775674686992,-2161.937978121416,4110.5612365781635,-0.3421081733304385,-22.01322047242208
123.60166473437602,-205.75577942908234,-2181.668253010949,4098.342142093858,-0.32664288629684635,-21.994454170736322
124.49623528503703,-206.08566773306893,-2201.380441475217,4086.1311605128444,-0.31118786748552385,-21.975700328991106
125.39080583569805,-206.39919059463256,-2221.0750797280193,4073.9283029507724,-0.29574313096516425,-21.95695896425804
126.28537638635906,-206.69724384599178,-2240.7524429572145,4061.733554531634,-0.2803086579077174,-21.938230053690287
127.42839683358586,-207.05626253397904,-2265.8699009857773,4046.1637133119334,-0.2606024461389651,-21.914317615833003
128.57141728081268,-207.39154209198898,-2290.959637983117,4030.6070360576114,-0.24091289554779383,-21.890425395426853
129.71443772803948,-207.7035648089781,-2316.0218148459703,4015.0634809385447,-0.221239953191257,-21.8665533282284
130.8574581752663,-207.9926268973813,-2341.056537114403,3999.5330057516258,-0.20158356565433522,-21.842701349421358
133.0075349271135,-208.4746675460574,-2388.0738818632144,3970.354722121744,-0.1646536170347166,-21.797888824731064
135.15761167896073,-208.87680763010204,-2434.9946589571487,3941.2222802178885,-0.12778168870882928,-21.75314670457537
137.30768843080796,-209.1994349689152,-2481.81909863042,3912.1353931628687,-0.09096741758609406,-21.708474548363206
139.45776518265518,-209.44274444435638,-2528.547373092823,3883.0937763715174,-0.05421044347686659,-21.663871919023638
143.84097289734393,-209.69383759382225,-2623.5119632839037,3824.027365914994,0.020547877847791773,-21.573156679891504
148.22418061203268,-209.61712901735424,-2718.078964589505,3765.145336577732,0.09507283434033283,-21.482724616547365
152.60738832672143,-209.21359804848177,-2812.249536873438,3706.4455726452206,0.16936710378774292,-21.392572479639416
159.99378541725528,-207.79654267942377,-2970.047775990157,3607.934400088834,0.29404930192910383,-21.24127727638312
160.93954969164886,-207.54851105882668,-2990.171697742231,3595.357329706525,0.3099676667272421,-21.22196118897414
161.88531396604245,-207.2853996906864,-3010.277327569146,3582.788447728125,0.325875667744581,-21.202657677460888
162.83107824043603,-207.00721748588137,-3030.364676328116,3570.227734925402,0.34177332931763194,-21.183366712312296
164.72260678922316,-206.4089605053312,-3070.482527928011,3545.130864870308,0.3662996653376489,-21.140250765931594
164.91287605480298,-206.34567709763962,-3074.5138028694164,3542.6081782940964,0.36597726461484614,-21.13415600018008
165.29341458596264,-206.21769540034038,-3082.5738775943228,3537.563810804015,0.36533259169343735,-21.121968898339325
165.67395311712227,-206.08809212562176,-3090.630486175428,3532.5207959282993,0.3646880916368836,-21.109785064390742
166.0544916482819,-205.95715562397584,-3098.683447603757,3527.4791456369308,0.3640437659749549,-21.09760452725359
166.71030042366016,-205.72911447340942,-3112.552659337749,3518.793740858387,0.36293376649866554,-21.07662074429717
167.36610919903842,-205.49880169533213,-3126.409982018644,3510.112435159636,0.3618242908870133,-21.05564686464438
168.02191797441668,-205.26698685712648,-3140.2549354994085,3501.4352410183205,0.3607153407346479,-21.034682918440986
169.3209476435676,-204.80548910930645,-3167.6412695390727,3484.2595391823465,0.35852027665543174,-20.993186729300714
170.6199773127185,-204.342918378591,-3194.976098000197,3467.0999357733144,0.3563272699639747,-20.951729433672664
171.91900698186942,-203.88116629297224,-3222.2582737392363,3449.956391907598,0.3541363156909281,-20.910310937614685
173.21586569541665,-203.42194312383032,-3249.441788071532,3432.8574630106546,0.35195106323526776,-20.86900023052512
174.5127244089639,-202.96491375052912,-3276.57205106635,3415.774416139612,0.3497678405111953,-20.82772789412672
175.80958312251113,-202.51033041353006,-3303.648951472992,3398.7071828273047,0.3475866387685695,-20.78649376300404
177.09558432579107,-202.06212515192345,-3330.4464135685994,3381.798397135624,0.34542568671843343,-20.74564243850534
178.381585529071,-201.6165724004109,-3357.191340663477,3364.9050531507264,0.3432667081268615,-20.70482842089467
179.66758673235094,-201.1737213671653,-3383.883748307541,3348.02709831154,0.3411096962765198,-20.66405158318543
180.90174204177515,-200.75128983888308,-3409.450676711202,3331.844006010415,0.3390414882382062,-20.62495352096852
182.13589735119936,-200.33138467513214,-3434.9692947659164,3315.674981347839,0.3369750780517855,-20.585889445915317
183.37005266062357,-199.9140125038691,-3460.439639132971,3299.519974232719,0.3349104593155887,-20.546859237006625
184.55986754533154,-199.51403670937094,-3484.9492239563306,3283.958607319453,0.3329217081215461,-20.509263252232277
185.7496824300395,-199.11641908909525,-3509.4140132189186,3268.410182741933,0.3309346109650833,-20.471698535910136
186.93949731474748,-198.72115935477643,-3533.834043337973,3252.8746574109646,0.3289491623393778,-20.43416498393748
188.850484540172,-198.0912559183177,-3572.9620029638504,3227.9495956836195,0.32576372583189556,-20.37394647958475
190.76147176559653,-197.46742638232354,-3611.9747481717,3203.0575211254763,0.3225825051026611,-20.31380767164416
192.67245899102105,-196.84966411155418,-3650.872431347773,3178.198258204842,0.31940547771862815,-20.25374813603428
195.27961869065211,-196.01662173495538,-3703.755254184733,3144.335358722923,0.31507778066259373,-20.171935975159627
197.88677839028318,-195.19483781288778,-3756.4245782973435,3110.5327831719164,0.3107577930378902,-20.0902695558256
200.49393808991425,-194.38429217840493,-3808.880785686567,3076.790116420461,0.30644546179050264,-20.008747875082232
207.26926890846735,-192.3298708893526,-3944.2031299672262,2989.3773040099104,0.29539611603237304,-19.795874341484218
207.52561686192013,-192.25360558334233,-3949.2946629704475,2986.0778431143135,0.2960569117791271,-19.77295314206261
207.7819648153729,-192.17741365454359,-3954.3836705616413,2982.778957658019,0.2967175922804348,-19.750035940190735
208.03831276882568,-192.10127222469438,-3959.4698383857317,2979.4806530175597,0.29737815645951726,-19.7271227732191
208.55100867573125,-191.94902754808246,-3969.632095716167,2972.885810356714,0.29869893100987316,-19.681308711902272
209.06370458263683,-191.79673792021708,-3979.7795967506963,2966.2933394059673,0.3000192305687091,-19.635511126743783
209.5764004895424,-191.64428104083876,-3989.910660618389,2959.703257126131,0.301339051739218,-19.58973013556959
210.80377643533504,-191.27813815028384,-4014.0906154150034,2943.9365637386945,0.3044967081747577,-19.480199659292378
212.03115238112767,-190.90951312926578,-4038.15548803857,2928.1836189951787,0.3076516111164043,-19.37076469419686
213.2585283269203,-190.5376994983236,-4062.0956414670686,2912.4443713899686,0.3108037708793859,-19.261424882475957
214.48590427271293,-190.16237290078837,-4085.9067020703624,2896.71872791852,0.31395320609008076,-19.152179578031472
215.71328021850556,-189.78338628190428,-4109.586733019051,2881.006603471921,0.31709993379357865,-19.04302818961581
216.9406561642982,-189.40066057883277,-4133.1347276508595,2865.3079315523955,0.3202439673076455,-18.933970255272047
218.16803211009082,-189.0141441373669,-4156.550051891502,2849.622657661789,0.3233853175468366,-18.82500539640408
220.43677075572444,-188.28961232411552,-4199.481661036173,2820.66437639453,0.32918490411573587,-18.62383358051149
222.70550940135806,-187.55189713083354,-4241.957487685788,2791.751397528226,0.3349754177982406,-18.422976478264385
224.97424804699168,-186.80095985970806,-4283.977440371344,2762.883427044346,0.34075691747857495,-18.222432047129868
227.2429866926253,-186.03680736086295,-4325.542045590735,2734.060181235334,0.3465294599759443,-18.02219831620492
232.67217563677875,-184.15466985165995,-4423.165029248552,2665.264232663784,0.3603074896748737,-17.54427610209067
238.1013645809322,-182.19724866465074,-4518.19466333278,2596.718700813085,0.3740353674522344,-17.06809352114037
243.53055352508565,-180.1647925211777,-4610.639617916206,2528.4202396777164,0.38771376342544484,-16.593627328811273
248.74043924321768,-178.14412147592543,-4696.928448502571,2463.1097547289146,0.4007937458947642,-16.139918466302547
248.93811385889288,-178.06609503363367,-4700.155740915637,2460.6361453885047,0.40156839169704717,-16.122603978669808
249.13578847456807,-177.98792553230643,-4703.379609076634,2458.162856672813,0.4076560167866674,-16.102809919486802
249.53113770591844,-177.83088576999174,-4709.816949911081,2453.217249819196,0.4198288780359294,-16.063229568783985
249.9264869372688,-177.6724395234021,-4716.240214007617,2448.2729513260197,0.43199851895438335,-16.023659689064132
250.32183616861917,-177.51203672720018,-4722.649147853863,2443.3299764185863,0.44416490206725845,-15.984100402177358
250.9989112346322,-177.2314075717533,-4733.591168380367,2434.8677392926234,0.4649934154209545,-15.916375990777567
251.67598630064523,-176.94191574324498,-4744.489727437633,2426.409436341763,0.4858122453992688,-15.84868306510539
252.35306136665827,-176.64216254759828,-4755.344190012721,2417.9550789790765,0.5066213639106576,-15.78102171650116
253.63381746183498,-176.04365807321423,-4775.754379934646,2401.973575378954,0.545957411363879,-15.653119613488562
254.9145735570117,-175.4007950869055,-4796.003408587896,2386.0061202914926,0.5852588805336985,-15.525329942594897
256.1953296521884,-174.71067324534263,-4816.090046381268,2370.052664697968,0.6245258920722716,-15.397652311516788
257.46168699210875,-173.98044263422005,-4835.790666655041,2354.292273345768,0.6633177052597821,-15.271519799289813
258.7280443320291,-173.20197937373499,-4855.331820477187,2338.5454475821416,0.7020761288082947,-15.145495854275943
259.9944016719495,-172.37493498725104,-4874.713464310416,2322.8121245860625,0.7408013173422378,-15.019579973710137
261.1547436476672,-171.57429595518545,-4892.332515711403,2308.4077582300815,0.7762554806481308,-14.90429991023227
262.3150856233849,-170.73260633301584,-4909.817713696979,2294.0146577295127,0.8116819147594385,-14.789110008896557
263.4754275991026,-169.84983413796314,-4927.1691336271215,2279.6327908722646,0.8470806989613386,-14.67401001190534
264.1480989951727,-169.31925823164286,-4937.166841808047,2271.3004906566275,0.8675893923157162,-14.607325502914325
264.8207703912428,-168.77487215688095,-4947.119636933589,2262.971945203142,0.8880888438924827,-14.540671043785167
265.49344178731286,-168.21667928705867,-4957.02753802732,2254.647147743721,0.908579070350257,-14.474046580351969
266.16558218281926,-167.64513977233685,-4966.882795897539,2246.332658816195,0.9290439239201012,-14.407504617473247
266.83772257832567,-167.059822277288,-4976.693268595018,2238.021898758863,0.9494995994414615,-14.340992497239593
267.50986297383207,-166.4607312859888,-4986.458975522945,2229.7148608524326,0.9699461134528556,-14.274510165875625
268.9843797521698,-165.0982454412486,-5007.725910236943,2211.504189898551,1.0147689182852748,-14.128767739471265
270.4588965305075,-163.669554807621,-5028.77770828832,2193.3113298752883,1.059547884213074,-13.983167856318135
271.9334133088452,-162.1747189733982,-5049.614578643489,2175.1362109985703,1.1042831829991686,-13.837709957924995
277.14820694458285,-156.35860299078743,-5121.586136907915,2110.998961358228,1.2621472963202898,-13.324411002100778
282.3630005803205,-149.71881279037734,-5190.881299349488,2047.0801629880277,1.4194737249689584,-12.812860340902404
283.6666989892549,-147.930412525762,-5207.787786045645,2031.1341405120115,1.458722441016046,-12.685242198054254
284.9703973981893,-146.09072142740743,-5224.527699559308,2015.2012163724064,1.4979389174944724,-12.557728882937893
286.2740958071237,-144.19982087609765,-5241.101195007524,1999.2816398090963,1.5371225409380616,-12.430322390253322
286.9159926753335,-143.25000459106425,-5249.200318766147,1991.448397249393,1.5564028795564326,-12.367631906187345
287.5578895435433,-142.28778820746834,-5257.259148272642,1983.6184516634924,1.5756751031737886,-12.304967808242065
288.1997864117531,-141.31317631006618,-5265.277700679185,1975.7917025522102,1.5949394591536288,-12.24232929210912
288.8415716646827,-140.32634654165454,-5273.25460879469,1967.9694986796458,1.6141926277176686,-12.179727152127334
289.4833569176123,-139.3271265109956,-5281.191279347136,1960.1504908168401,1.633631014526033,-12.116989291597939
290.1251421705419,-138.31415110233198,-5289.086583835193,1952.3347141675454,1.6822978469152186,-12.029853862108283
290.7669274234715,-137.28440621501397,-5296.9380166115,1944.5222012886377,1.7309443566450557,-11.942754819282062
291.4087126764011,-136.2344241239449,-5304.742693364276,1936.7129815735495,1.779570360690196,-11.855692490816637
292.0504979293307,-135.16122232781586,-5312.498135149911,1928.9070877668066,1.8281756551588928,-11.76866724176956
293.0345672106011,-133.4665270338305,-5324.2908361721775,1916.9445101262618,1.9026635515124237,-11.635300541659687
294.0186364918715,-131.70702142604034,-5335.959325639952,1904.989662595327,1.9771033144602002,-11.502020021906688
295.00270577314194,-129.87995649013698,-5347.501354411268,1893.0424462280391,2.0514955601133043,-11.368824579395747
295.98677505441236,-127.9835082701878,-5358.915446628675,1881.1027824006155,2.1258407780418227,-11.235713337577117
297.24944370511247,-125.44616194207237,-5373.371687706144,1865.7939033859004,2.221165232988048,-11.065039864190085
298.5121123558126,-122.79070998796136,-5387.614233148958,1850.49735010135,2.3164129387804886,-10.894503806166858
299.7747810065127,-120.01612584540699,-5401.642320882995,1835.213039370323,2.4115844133387134,-10.724104236199414
300.94980924938244,-117.32661535129678,-5414.503759799878,1821.0005305320208,2.5000820529847854,-10.565653820160113
302.1248374922522,-114.53329789265305,-5427.179101548475,1806.7985210856186,2.5885143156160426,-10.407320458261896
303.29986573512195,-111.63613075755926,-5439.668384836657,1792.6069808674915,2.6768813890536256,-10.249103814220792
307.25739011445785,-101.11499131607076,-5480.365883186789,1744.885892173048,2.9740283431098797,-9.717077664333365
311.21491449379374,-89.41784366518102,-5518.95838413389,1697.2818877248335,3.2704462436577844,-9.1863568467935
315.17243887312964,-76.5470131123496,-5555.450415815985,1649.7938815601992,3.5661418527076405,-8.656929254573825
319.5672973168118,-60.88091566511656,-5593.518078663781,1597.1930538265156,3.8936736875738003,-8.070500557625383
323.96215576049394,-43.77415004780391,-5629.00766293477,1544.7325553218025,4.22033172839849,-7.485636343412949
328.3570142041761,-25.231025266700343,-5661.926831358772,1492.4107410958127,4.546126217864115,-6.902318272946972
328.9612685308413,-22.56942863931001,-5666.252348721827,1485.227707876805,4.59085311954022,-6.822237084261368
329.430390039641,-20.485110849090727,-5669.577846494695,1479.6528243915825,4.607151039967294,-6.778695990821161
329.89951154844067,-18.38634445522631,-5672.876036554729,1474.0794613102419,4.622157903226075,-6.736467073657356
330.36863305724034,-16.274241287072023,-5676.148046032272,1468.5076020480108,4.637160717294552,-6.694249550808201
330.9161976862213,-13.7937026356912,-5679.935689608792,1462.005946199904,4.654667105958668,-6.644987035118801
331.4637623152023,-11.298035393065668,-5683.690748461465,1455.5063278529494,4.672168008437741,-6.595739957409327
332.0113269441833,-8.788432856226777,-5687.414433477705,1449.0087552838934,4.689663402445765,-6.546508380392013
332.8002138802901,-5.149808269377001,-5692.725590299824,1439.6511927198062,4.714859618767089,-6.4756068926176145
333.58910081639686,-1.4862839267685266,-5697.975717192281,1430.2979308692823,4.7400442549671435,-6.404737990998855
334.37798775250366,2.200325565692875,-5703.166664171914,1420.9490000458811,4.765217229423498,-6.333901905219104
335.16687468861045,5.908999836510835,-5708.299477806579,1411.6044189922345,4.790378491669656,-6.263098777289749
336.15224466468834,10.571474051754185,-5714.629955128576,1399.9385646262213,4.821790025193055,-6.17470755093726
337.13761464076623,15.266573844027219,-5720.87160806627,1388.279515612954,4.853183234592116,-6.086367888187068
338.1229846168441,19.993720010652453,-5727.025053306918,1376.6272691549211,4.88455812739943,-5.998079767842656
339.108354592922,24.75252562171707,-5733.090713648252,1364.9818175961611,4.915914724229476,-5.909843131895427
340.8707448234025,33.34218763908067,-5743.721370151303,1344.1701744637944,4.971952250965099,-5.752155010548778
342.633135053883,42.03141651778666,-5754.073222787653,1323.3801623164618,5.027931534010186,-5.594630785410188
344.3955252843635,50.81970794235389,-5764.14696580266,1302.6117007394266,5.0838527898898285,-5.437269847183764
346.157915514844,59.70681728396061,-5773.943031060519,1281.8647037028713,5.139716250248311,-5.280071544028597
349.3362894194535,75.98347595271592,-5790.909080356584,1244.502528953575,5.2403178151078675,-4.996981395491546
352.51466332406306,92.58023901260873,-5806.975103705521,1207.2093127666265,5.340733701822905,-4.714413740352938
355.6930372286726,109.49651367512031,-5822.142687017594,1169.9845863777591,5.440965172590259,-4.4323650268241845
361.38750436503744,140.6015914358272,-5847.075067598411,1103.4616222867116,5.620085213957269,-3.9283259575777083
367.0819715014023,172.72717195842628,-5869.137632069759,1037.1542938082362,5.7986246338746525,-3.4259207417672943
367.1656590398829,173.20699748830117,-5869.440218961314,1036.1814362783164,5.801244154567761,-3.4185494796687044
367.3330341168441,174.16752710863682,-5870.042922244017,1034.2359048534847,5.806482701497506,-3.403808346858991
367.5004091938053,175.12893520146798,-5870.643155265323,1032.2905570049143,5.811720754128959,-3.389068604991625
368.13971779876664,178.80671182057245,-5872.919056242155,1024.8613870786205,5.813458666781933,-3.3601014251632666
368.779026403728,182.4944177702113,-5875.163242091651,1017.4348372978495,5.811361564088472,-3.336880148391346
369.4183350086893,186.18950719936157,-5877.379526398364,1010.0108821685437,5.809265194070444,-3.3136669845549855
370.34635035996865,191.5617575088648,-5880.553987925673,999.2389114491259,5.806223414310472,-3.2799852722069054
371.274365711248,196.9402320955405,-5883.683644982847,988.472383935868,5.803183171598341,-3.2463205796325423
372.2023810625273,202.32170889684852,-5886.773332080703,977.7113298635536,5.800144474471721,-3.212673001369777
373.47917525689076,209.7270584744619,-5890.964270705787,962.91491095374,5.795966274518132,-3.1664076764368323
374.7559694512542,217.13132729889787,-5895.089736865136,948.1289359672897,5.791791023710574,-3.1201750074803725
376.03276364561765,224.5324985664131,-5899.152790528352,933.3534072125782,5.787618722700886,-3.0739750017182073
377.30744334447945,231.91732046259682,-5903.148401804491,918.612745031883,5.783456267284163,-3.027884016482292
378.58212304334126,239.29755988610003,-5907.084133437806,903.8824394666709,5.779296736359548,-2.9818254142292764
379.85680274220306,246.6729280459269,-5910.960463327637,889.1624632679707,5.775140122232501,-2.935799109757294
381.1188594902953,253.97028525224744,-5914.740190940186,874.5984109412901,5.7710275377533575,-2.8902603468078762
382.3809162383875,261.26259360358307,-5918.462187128592,860.0444390423011,5.766917799776653,-2.8447531032595683
383.6429729864797,268.54979934654204,-5922.126577398358,845.5005198359008,5.762810900470573,-2.799277292390472
384.8409012835644,275.46197554646983,-5925.551561707531,831.7048879038651,5.758915301876785,-2.756141220217791
386.03882958064906,282.36951412858923,-5928.924785124346,817.9182609337641,5.755022246096347,-2.713033304688448
387.23675787773374,289.27218263176735,-5932.247521980597,804.1405756083741,5.74973400983598,-2.6775371934234298
388.38053385207496,295.85774686459354,-5935.375808591854,790.9939748931478,5.743486679706997,-2.6501852522358424
389.5243098264162,302.43769000986913,-5938.464531056947,777.8553873949297,5.737243157498642,-2.6228499828134573
390.6680858007574,309.01136821812673,-5941.517216244083,764.7247354147996,5.731003406288001,-2.5955312235010797
391.9436799750845,316.33476130709096,-5944.881972664548,750.0900757641743,5.724048943142492,-2.565083326076109
393.21927414941155,323.6496027402358,-5948.206123259131,735.4651776116018,5.717099118709469,-2.534655737773353
394.4948683237386,330.9557604077908,-5951.4904377908615,720.8500482721523,5.710153936465091,-2.50424847381206
395.7705757336695,338.25381019942137,-5954.7356457474225,706.2433880986513,5.703212778810547,-2.473858830232944
397.04628314360036,345.54306443567276,-5957.94172036938,691.6464633386695,5.696276247472989,-2.4434894415063018
398.32199055353124,352.8235030813144,-5961.10882742335,677.0592303688895,5.6893443217224,-2.4131402168723666
399.46655620561575,359.34800757989683,-5963.917281760455,663.9797746400508,5.683128899225325,-2.3859279730680414
400.61112185770025,365.86540622452566,-5966.694507822495,650.9080801734091,5.676917164918698,-2.358731876828532
401.97260009218286,373.6086990977475,-5969.957454898153,635.3691890779872,5.669533006487615,-2.326402695729265
403.33407832666546,381.3419426549336,-5973.176320722189,619.8412290611299,5.662154042559503,-2.2940962571034698
404.69555656114807,389.0651415512882,-5976.351146571777,604.3241690171583,5.654780258352787,-2.261812496234745
405.2401478549411,392.15160927978764,-5977.608750786708,598.1203930532478,5.651832193120387,-2.2489053334645757
405.7847391487341,395.23540322377124,-5978.85917959359,591.918357437398,5.627974300860948,-2.2333152376423433
406.3293304425271,398.31445843419294,-5980.102169974195,585.7180669078326,5.594601729217825,-2.2165062413328607
406.87392173632014,401.3864344867552,-5981.337423182883,579.5195268892046,5.56123857956088,-2.1997019906609805
407.41851303011316,404.44914831669746,-5982.56466052882,573.3227415346818,5.527884874244208,-2.1829024968859474
407.9631043239062,407.50073849304425,-5983.783644564437,567.1277128651035,5.494540624144819,-2.166107765486259
408.7583345113321,411.93431420763807,-5985.548504916437,558.0846818054561,5.4458672272338156,-2.141592095618317
409.55356469875807,416.3375877551166,-5987.29492944085,549.0453892329937,5.3972139524333524,-2.1170865607943696
410.348794886184,420.7074981788393,-5989.022530550602,540.0098244336829,5.348580742075995,-2.0925911319686574
411.14402507360995,425.04230300709185,-5990.731089754285,530.9779720925677,5.299967513730209,-2.068105767622313
412.0988711320852,430.19939368860054,-5992.757254419027,520.1381609757423,5.241623090776284,-2.038719024502877
413.05371719056046,435.3031997234973,-5994.755639960672,509.3036566947757,5.183307231445152,-2.009346668222887
414.0085632490357,440.35292955657405,-5996.726154401382,498.47443989114606,5.125019831541106,-1.9799886463013627
414.963409307511,445.34805736549373,-5998.66874004374,487.6504945983144,5.066760805125519,-1.9506449154529948
416.6804163815487,454.19203499194214,-6002.091553766586,468.200063419647,4.962070403134756,-1.8979147692862817
417.4921446445286,458.31093736789256,-6003.678215249679,459.01062054779175,4.912608956265609,-1.8730021767903868
